BR-SA1              	 -54.9589	  -2.8567	  4
BR-SA3              	 -54.9714	  -3.0180	  4
CA-GRO              	 -82.1556	  48.2167	  5
CA-MAN              	 -98.4808	  55.8796	  6
CA-NS1              	 -98.4839	  55.8792	  6
CA-NS2              	 -98.5247	  55.9058	  6
CA-NS3              	 -98.3822	  55.9117	  6
CA-NS4              	 -98.3822	  55.9117	  6
CA-NS5              	 -98.4850	  55.8631	  6
CA-NS6              	 -98.9644	  55.9167	  6
CA-NS7              	 -99.9483	  56.6358	  6
CA-NS8              	 -98.2161	  55.8981	  6
CA-QCU              	 -74.0365	  49.2671	  5
CA-QFO              	 -74.3421	  49.6925	  5
CA-SF1              	-105.8176	  54.4850	  6
CA-SF2              	-105.8775	  54.2539	  6
CA-SF3              	-106.0053	  54.0916	  6
CA-TP1              	 -80.5595	  42.6609	  5
CA-TP2              	 -80.4588	  42.7744	  5
CA-TP3              	 -80.3483	  42.7068	  5
CA-TP4              	 -80.3574	  42.7102	  5
CA-TPD              	 -80.5577	  42.6353	  5
CR-LSE              	 -84.0211	  10.4233	  6
MX-LPA              	-110.4380	  24.1293	  7
US-AKN              	 -81.5656	  33.3833	  5
US-AN2              	-150.2100	  68.9500	  9
US-AR1              	 -99.4200	  36.4267	  6
US-ARB              	 -98.0402	  35.5497	  6
US-ARM              	 -97.4888	  36.6058	  6
US-ATQ              	-157.4089	  70.4696	  9
US-AUD              	-110.5104	  31.5907	  7
US-BAR              	 -71.2881	  44.0646	  5
US-BKG              	 -96.8362	  44.3453	  6
US-BLK              	-103.6500	  44.1580	  7
US-BLO              	-120.6328	  38.8953	  8
US-BN1              	-145.3782	  63.9198	  9
US-BN3              	-145.7442	  63.9227	  9
US-BO2              	 -88.2900	  40.0090	  6
US-BR1              	 -93.6914	  41.6915	  6
US-BR3              	 -93.6936	  41.9747	  6
US-BRW              	-156.6259	  71.3225	 10
US-CAV              	 -79.4208	  39.0633	  5
US-CED              	 -74.3791	  39.8379	  5
US-CHR              	 -84.3324	  35.9311	  5
US-COP              	-109.3900	  38.0900	  7
US-CRT              	 -83.3471	  41.6285	  5
US-CTN              	-101.8466	  43.9500	  7
US-DIX              	 -74.4346	  39.9712	  5
US-DK1              	 -79.0934	  35.9712	  5
US-DK2              	 -79.1004	  35.9736	  5
US-DK3              	 -79.0942	  35.9782	  5
US-ELM              	 -80.7826	  25.5519	  5
US-FMF              	-111.7273	  35.1426	  7
US-FPE              	-105.1019	  48.3077	  7
US-FR2              	 -97.9962	  29.9495	  6
US-FR3              	 -97.9900	  29.9400	  6
US-FUF              	-111.7620	  35.0890	  7
US-FWF              	-111.7718	  35.4454	  7
US-GLE              	-106.2399	  41.3665	  7
US-GMF              	 -73.2333	  41.9667	  5
US-GOO              	 -89.8735	  34.2547	  6
US-HA1              	 -72.1715	  42.5378	  5
US-HA2              	 -72.1779	  42.5393	  5
US-HO1              	 -68.7402	  45.2041	  5
US-HO2              	 -68.7470	  45.2091	  5
US-HO3              	 -68.7250	  45.2072	  5
US-HVA              	-148.8412	  69.1423	  9
US-IB1              	 -88.2227	  41.8593	  6
US-IB2              	 -88.2410	  41.8406	  6
US-ICH              	-149.2958	  68.6068	  9
US-ICS              	-149.3110	  68.6058	  9
US-ICT              	-149.3041	  68.6063	  9
US-IVO              	-155.7503	  68.4865	  9
US-KFS              	 -95.1907	  39.0561	  6
US-KON              	 -96.5603	  39.0824	  6
US-KS1              	 -80.6709	  28.4583	  5
US-KS2              	 -80.6715	  28.6086	  5
US-KUT              	 -93.1863	  44.9950	  6
US-LIN              	-119.8423	  36.3566	  8
US-LPH              	 -72.1850	  42.5419	  5
US-LWW              	 -97.9789	  34.9604	  6
US-ME1              	-121.5000	  44.5794	  8
US-ME2              	-121.5574	  44.4523	  8
US-ME3              	-121.6078	  44.3154	  8
US-ME4              	-121.6224	  44.4992	  8
US-ME5              	-121.5668	  44.4372	  8
US-ME6              	-121.6078	  44.3233	  8
US-MMS              	 -86.4131	  39.3232	  5
US-MOZ              	 -92.2000	  38.7441	  6
US-MPJ              	-106.2377	  34.4385	  7
US-MRF              	-123.5515	  44.6465	  8
US-MYB              	-121.7651	  38.0498	  8
US-NC1              	 -76.7119	  35.8118	  5
US-NC2              	 -76.6685	  35.8030	  5
US-NE1              	 -96.4766	  41.1651	  6
US-NE2              	 -96.4701	  41.1649	  6
US-NE3              	 -96.4397	  41.1797	  6
US-NMJ              	 -88.5194	  46.6465	  5
US-NR1              	-105.5464	  40.0329	  7
US-OHO              	 -83.8438	  41.5545	  5
US-ORV              	 -83.0183	  40.0201	  5
US-PFA              	 -90.2723	  45.9459	  6
US-PON              	 -97.1333	  36.7667	  6
US-PRR              	-147.4876	  65.1237	  9
US-RO1              	 -93.0898	  44.7143	  6
US-RO3              	 -93.0893	  44.7217	  6
US-SDH              	-101.4072	  42.0693	  7
US-SES              	-106.7442	  34.3349	  7
US-SFP              	 -96.9020	  43.2408	  6
US-SKR              	 -81.0776	  25.3629	  5
US-SLT              	 -74.5960	  39.9138	  5
US-SND              	-121.7537	  38.0373	  8
US-SO2              	-116.6228	  33.3738	  8
US-SO3              	-116.6226	  33.3771	  8
US-SO4              	-116.6406	  33.3845	  8
US-SP2              	 -82.2448	  29.7648	  5
US-SP3              	 -82.1633	  29.7548	  5
US-SP4              	 -82.2032	  29.8028	  5
US-SRC              	-110.8395	  31.9083	  7
US-SRM              	-110.8661	  31.8214	  7
US-STA              	-106.8024	  41.3966	  7
US-SUS              	-156.4039	  20.7847	 10
US-SUW              	-156.4913	  20.8246	 10
US-SYV              	 -89.3477	  46.2420	  6
US-TON              	-120.9660	  38.4316	  8
US-TW1              	-121.6469	  38.1074	  8
US-TW2              	-121.6433	  38.1047	  8
US-TW3              	-121.6467	  38.1159	  8
US-TW4              	-121.6414	  38.1030	  8
US-TWT              	-121.6530	  38.1087	  8
US-UMB              	 -84.7138	  45.5598	  5
US-UMD              	 -84.6975	  45.5625	  5
US-UPA              	-148.8848	  70.2815	  9
US-VAR              	-120.9507	  38.4133	  8
US-VCM              	-106.5321	  35.8884	  7
US-VCP              	-106.5967	  35.8642	  7
US-WBW              	 -84.2874	  35.9588	  5
US-WCR              	 -90.0799	  45.8059	  6
US-WDN              	-106.2618	  40.7838	  7
US-WI0              	 -91.0814	  46.6188	  6
US-WI2              	 -91.1528	  46.6869	  6
US-WI4              	 -91.1663	  46.7393	  6
US-WI6              	 -91.2982	  46.6249	  6
US-WI8              	 -91.2524	  46.7223	  6
US-WJS              	-105.8615	  34.4255	  7
US-WKG              	-109.9419	  31.7365	  7
US-WLR              	 -96.8550	  37.5208	  6
US-WPT              	 -82.9962	  41.4646	  5
US-WRC              	-121.9519	  45.8205	  8
