ACAD1	-68.2612	44.3771	5
ADPI1	-77.2098	42.0911	5
AGTI1	-116.9706	33.4637	8
AMBL1	-157.8628	67.0993	9
ARCH1	-109.5833	38.7833	7
AREN1	-77.3078	39.9231	5
ATLA1	-84.2904	33.6870	5
BADL1	-101.9412	43.7435	7
BALD1	-109.4405	34.0584	7
BALA1	-115.0336	51.0290	7
BALT1	-76.7091	39.2438	5
BAND1	-106.2664	35.7797	7
BIBE1	-103.1780	29.3028	6
BIRM1	-86.8149	33.5531	6
BLIS1	-120.1018	38.9756	8
BLMO1	-96.1913	43.7158	6
BOAP1	-106.8520	33.8695	7
BOLA1	-109.6400	42.8500	7
BOND1	-88.3719	40.0514	6
BOWA1	-91.4961	47.9464	6
BRCA1	-112.1736	37.6184	7
BRET1	-89.2065	29.1186	6
BRID1	-109.7570	42.9749	7
BRIG1	-74.4492	39.4650	5
BRIS1	-89.76168	30.1086	6
BRISX	-89.76168	30.1086	6
BRLA1	-106.2418	41.3662	7
BRMA1	-70.7293	44.1074	5
BYIS1	124.6308	37.9659	8
CABA1	-70.0643	43.8325	5
CABI1	-115.6709	47.9550	7
CACO1	-70.0247	41.9758	5
CACR1	-94.1429	34.4543	6
CADI1	-87.8504	36.7854	6
CANY1	-109.8209	38.4587	7
CAPI1	-111.2926	38.3022	7
CEBL1	-99.9000	38.7000	6
CHAS1	-82.5549	28.7485	5
CHER1	-97.0167	36.9333	6
CHIC1	-87.7135	41.7515	6
CHIR1	-109.3891	32.0089	7
CHPA1   -110.9800       32.3000	7
CLPE1	-106.9565	44.3335	7
COGO1	-122.2115	45.5695	8
COHI1	-76.6535	42.4009	5
COHU1	-84.6263	34.7852	5
CORI1	-121.0233	45.6678	8
CRES1	-102.4336	41.7627	7
CRLA1	-122.1359	42.8962	8
CRAY1   -110.8800       32.2000 7
CRMO1	-113.5551	43.4606	7
DENA1	-148.9675	63.7233	9
DETR1	-83.2085	42.2286	5
DEVA1	-116.8469	36.5088	8
DOLA1	-118.2021	35.6987	8
DOME1	-118.1377	35.7279	8
DOSO1	-79.4263	39.1070	5
DOUG1	-109.5397	31.3492	7
DYRT1   -112.340        33.6400 7
EGBE1	-79.7832	44.2311 5
ELDO1	-94.0350	37.6900	6
ELLI1	-99.9349	36.0852	6
EVER1	-80.6807	25.3910	5
FCPC1   -88.8084        45.5659 6
FLAT1	-114.2691	47.7734	7
FLTO1	-107.6300	39.9200	7
FOPE1	-105.1021	48.3080	7
FRES1	-119.7732	36.7818 8
FRRE1	-79.0121	39.7059	5
GAAR1	-151.5170	66.9025	8
GAMO1	-111.7108	46.8263	7
GICL1	-108.2351	33.2204	7
GLAC1	-113.9967	48.5105	7
GRBA1	-114.2161	39.0052	8
GRCA1	-112.1539	36.0658	7
GRCA2	-111.9841	35.9731	7
GRGU1	-71.2177	44.3082	5
GRER1   -109.440        34.0600 7
GRRI1	-91.4052	43.9374	6
GRSA1	-105.5186	37.7249	7
GRSM1	-83.9417	35.6334	5
GUMO1	-104.8094	31.8330	6
HACR1	-156.2479	20.7585	10
HALE1	-156.2823	20.8086	10
HAVO1	-155.2580	19.4309	10
HECA1	-116.8395	44.9932	7
HEGL1	-92.8781	36.6713	6
HILL1	-112.9628	34.4289	7
HOOV1	-119.1759	38.0887	8
HOUS1	-95.1285	29.6698	6
IKBA1	-111.6824	34.3403	7
INGA1	-112.1290	36.0776	7
ISLE1	-88.1458	47.4607	6
ISRO1	-89.1500	47.9167	6
JARB1	-115.4261	41.8926	8
JARI1	-79.5125	37.6266	5
JEFF1	-79.4833	37.6167	5
JOSH1	-116.3889	34.0695	8
JOTR1	-116.3889	34.0695	8
KAIS1	-119.1558	37.2181	8
KALM1	-124.0588	42.5519	8
KPBO1	-151.7115	60.0123	9
LABE1	-121.5068	41.7117	8
LASU1	-91.9883	40.6883	6
LASU2	-92.0059	40.6932 6
LAVO1	-121.5778	40.5403	8
LIGO1	-81.9331	35.9722	5
LIVO1	-86.2608	38.5347	5
LOND1	-81.38010	42.8624	5
LOPE1	-111.7081	40.4449	7
LOST1	-102.4022	48.6420	6
LYEB1	-72.9098	42.9561	5
LYBR1	-73.1267	43.1481	5
LYND1	-122.5586	48.9533	8
LTCC1	-119.9700	38.9248	8
MACA1	-86.1477	37.1315	6
MAKA1	-124.595	48.3719	8
MAKA2	-124.6200	48.3000	5
MALO1	-155.5780	19.5389	10
MALO2	-155.5780	19.5389	10
MALO3	-155.5780	19.5389	10
MALO4	-155.5780	19.5389	10
MAVI1	-70.8161	41.3333	5
MEAD1	-114.0684	36.0194	7
MELA1	-104.4757	48.4872	7
MEVE1	-108.4907	37.1984	7
MING1	-90.1432	36.9717	6
MKGO1	-80.1445	41.4269	5
MOHO1	-121.7694	45.2927	8
MOMO1	-73.2973	41.8214	5
MONT1	-113.1544	47.1222	7
MOOS1	-67.2661	45.1259	5
MORA1	-122.1225	46.7579	8
MOZI1	-106.6765	40.5383	7
NACA1   -77.0400        38.9000 5
NEBR1	-100.3386	41.8887	8
NEYO1	-73.9020	40.8161	5
NOAB1	-109.3817	44.7448	7
NOCA1	-121.0646	48.7316	8
NOCH1	-106.5573	45.6493	7
NOGA1	-110.9372	31.3375	7
OKEF1	-82.1284	30.7404	5
OLTO1	-68.6457	44.9335	5
OLYM1	-122.9726	48.0065	8
OMAH1	-96.4317	42.1487	6
ORPI1	-112.8016	31.9506	7
OWVL1	-118.3308	37.3607	8
PACK1	-71.87860	42.8619	5
PASA1	-119.9275	48.3877	8
PEFO1	-109.7683	35.0781	7
PEFO3   -109.8000       34.9100 7
PENO1	-68.6479	44.9480	5
PETE1	-132.8123	56.6108	9
PHOE1	-112.0958	33.5038	7
PHOE5	-112.095	33.5038	7
PINN1	-121.1556	36.4850	8
PITT1	-79.9607	40.4654	5
PMRF1	-72.8687	44.5286	5
PORE1	-122.9122	38.1199	8
PRIS1	-68.0335	46.6963	5
PUSO1	-122.3119	47.5696	8
QUCI1	-81.3378	39.9429	5
QURE1	-72.3350	42.2988	5
QUVA1	-111.2857	33.2939	7
RAFA1	-120.0074	34.7339	8
REDW1	-124.0858	41.5600	8
RICR1	-107.3141	40.0865	7
RMHQ1	-105.5638	40.3624	7
ROMA1	-79.6572	32.9415	5
ROMO1	-105.5457	40.2783	7
RUBI1	-117.4161	33.9996	8
SAAN1	-106.4844	32.6869	7
SACR1	-104.4043	33.4597	7
SAFO1	-95.5677	39.9789	6
SAGA1	-118.0282	34.2969	8
SAGO1	-116.9013	34.1924	8
SAGO5	116.9128	34.1941	8
SAGU1	-110.7372	32.1742	7
SALM1	-114.0260	45.1588	7
SAMA1	-84.1614	30.0926	5
SAPE1	-106.8446	36.0140	7
SAWE1	-111.2178	32.2486	7
SAWT1	-114.9283	44.1706	7
SCOV1	-113.0333	43.6500	7
SENE1	-85.9461	46.2881 5
SENY1   -85.9500        46.2900 5	
SEQU1	-118.8292	36.4894	8
SHEN1	-78.4347	38.5229	5
SHMI1	-107.4842	37.3038 7
SHRO1	-82.7743	35.3937	5
SIAN1	-110.9420	34.0909	7
SIKE1	-92.4334	32.0580	6
SIME1	-160.5063	55.3255	9
SIPS1	-87.3388	34.3433	6
SNPA1	-121.4277	47.4204	8
SOLA1	-119.9667	38.9333	8
SPOK1	-117.8609	47.9045	8
STAR1	-118.5130	45.2249	8
STIL1	-94.66956	35.7508	6
STPE1	-106.7400	40.4450	7
SULA1	-114.0001	45.8599	7
SWAN1	-76.2074	35.4510	5
SYCA1	-111.9694	35.1406	7
SYCA2	-111.9823	35.1639	7
TALL1	-96.6000	38.3000	6
THBA1	-105.2874	44.6634	7
THRO1	-103.3777	46.8948	7
THSI1	-122.0433	44.2910	8
TONT1	-111.1088	33.6494	7
TRCR1	-150.3156	62.3153	9
TRIN1	-122.8047	40.7865	8
TUCN1   -110.9600       32.2400 7
TUMO2   -111.1700       32.2800 7
TUXE1	-152.6656	59.9925	9
ULBE1	-108.7197	47.5823	7
UPBU1	-93.2029	35.8259	6
VEIX1   -112.000        33.4600 7
VIIS1	-64.7950	18.3380	5	
VILA1	-95.0439	40.9712	6
VOYA1	-93.1667	48.5833	6
VOYA2	-92.8286	48.4126	6
WARI1	-118.8125	38.9519	8
WASH1	-77.0343	38.8761	5
WEMI1	-107.7998	37.6594	7
WHIT1	-105.5227	33.4698	7
WHPA1	-121.3881	46.6244	8
WHPE1	-105.4513	36.5855	7
WHRI1	-106.8190	39.1517	7
WICA1	-103.4838	43.5577	7
WIMO1	-98.7155	34.7315	6
WRIG1	-117.690	34.3800	8
YELL1	-110.3730	44.5625	7
YELL2	-110.4002	44.5653	7
YOSE1	-119.7042	37.7125	8
YOSEX	-119.7061	37.7133	8
ZICA1	-113.1456	37.1973	7
ZION1	-113.2243	37.4591	7
