Site AQS Code	Longitude	Latitude
010050002	-85.606230	31.664130
01007CTR	-87.250000	32.902000
01007L323	-87.233050	32.903850
01047L002	-86.860270	32.435280
01047L007	-86.860270	32.435280
010730008	-86.533330	33.539440
010730023	-86.815000	33.553050
010730025	-86.782770	33.545550
010730028	-86.850270	33.529440
010731003	-86.915000	33.485550
010731006	-86.535000	33.535830
010731007	-86.534440	33.539160
010731009	-87.305550	33.459720
010731010	-86.549160	33.545270
010732003	-86.924160	33.499720
010732004	-86.533880	33.534720
010732005	-86.541380	33.530830
010735002	-86.669160	33.704720
010736002	-86.773880	33.578330
010736004	-86.796380	33.565270
010739000	-86.814880	33.553090
01073BHM	-86.815000	33.553000
01073L385	-86.919820	33.499640
01073L516	-86.810820	33.527640
01073L662	-86.863870	33.506080
01073L974	-86.914710	33.485830
010799000	-87.338800	34.343300
01079M069	-87.338600	34.343050
010890014	-86.583050	34.690830
010970003	-88.087500	30.769720
010970028	-88.028330	30.958330
010973101	-88.087500	30.770300
010973102	-88.051900	30.708900
010973103	-88.025000	30.938300
010973104	-88.344400	30.615600
010973105	-88.140300	30.576400
010975002	-88.023610	30.937500
010976000	-88.141020	30.474150
011011002	-86.256380	32.406940
011030011	-86.976940	34.518610
011090003	-85.979160	31.790550
011090006	-85.980550	31.792770
011130001	-84.999160	32.476380
011170004	-86.825000	33.316940
011296002	-88.022960	31.255830
020130002	-160.506300	55.325500
020200018	-149.820830	61.206660
020900010	-147.720000	64.841110
021220009	-152.658900	59.983300
02130L491	-131.646120	55.342220
021700011	-150.315600	62.315300
02185L665	-156.783520	71.288040
021889000	-157.871900	67.092500
022809000	-132.812340	56.610760
022900003	-148.963330	63.725830
02290M013	-148.967500	63.723330
040018001	-109.440600	34.058400
04001M046	-109.768330	35.078050
040038001	-109.466940	32.116940
040039000	-109.539730	31.349180
04003M043	-109.388610	32.008880
040052002	-112.155000	36.080550
040058100	-112.128800	36.077800
040058102	-111.984100	35.973100
040058103	-111.969200	35.140600
04005L994	-112.155000	36.071940
04005M064	-112.128890	36.077770
04005M065	-112.121110	36.055270
040070010	-111.106700	33.654550
040078100	-110.942100	34.090800
04007L987	-111.101110	33.633880
040130017	-112.098610	33.466110
040130019	-112.142070	33.483700
040133002	-112.046010	33.457930
040134003	-112.074940	33.403050
040134009	-112.148000	33.407000
040137003	-112.157320	33.289360
040137020	-111.854180	33.473330
040138006	-112.091400	33.436700
040139997	-112.095000	33.503640
040139998	-111.996100	33.455130
04013L436	-112.100000	33.466990
040159000	-114.068400	36.019300
04015M024	-114.066670	35.983330
040170119	-109.891940	34.822500
040190005	-112.801090	31.949280
040190021	-110.736380	32.174440
040191001	-110.972220	32.202770
040191009	-110.987500	32.270830
040191011	-110.872220	32.208330
040191017	-110.891660	32.223610
040191023	-110.892770	32.222220
040191028	-110.982300	32.295150
040199000	-111.217800	32.248600
04019M032	-111.194170	32.254440
040218001	-111.285590	33.293460
040250005	-112.961930	34.429030
040258104	-111.683200	34.340500
04025M047	-111.983330	35.150000
050030005	-91.950000	33.139440
050350004	-90.176380	35.147500
050350005	-90.191110	35.196660
050890001	-92.586660	36.084160
050910096	-94.023880	33.187500
050910097	-93.997500	33.323050
050910098	-93.998050	33.330270
050910099	-94.003880	33.205830
051019000	-93.203000	35.825800
05101M051	-93.205550	35.826940
05107L357	-90.588760	34.500700
051130003	-94.143310	34.454400
051190007	-92.275830	34.756110
051191007	-92.319440	34.745000
051192001	-92.212770	34.758330
051310008	-94.411940	35.388330
051390004	-92.668610	33.213880
05139L386	-92.667000	33.200000
051450001	-91.715270	35.248610
060010003	-121.766110	37.685000
060010006	-122.120270	37.707770
060010007	-121.784200	37.687500
060010008	-122.279170	37.816940
060011001	-121.961900	37.535800
060015001	-122.160833	37.719722
06001L027	-122.231390	37.823330
06001L438	-122.183000	37.750000
060050010	-120.909720	38.288880
060070002	-121.842220	39.757500
060070005	-121.842220	39.729440
060070006	-121.606380	39.776660
06007L017	-121.846110	39.733610
060111002	-122.016660	39.203050
060130002	-122.026200	37.936000
060130003	-122.356110	37.950000
060130005	-122.385600	37.926300
060130006	-122.365100	37.947800
060130007	-122.270280	38.034160
060130008	-122.026200	37.936000
060130010	-122.131800	38.031300
060131001	-122.219720	38.055550
060131002	-121.641380	38.010550
060131003	-122.339160	37.964160
060131004	-122.356670	37.960280
060132001	-122.133610	38.013050
060133001	-121.902220	38.029160
06013L016	-121.902220	38.029160
06013L025	-122.097780	37.904990
06013L026	-122.110000	38.011660
06013L028	-121.814720	38.006390
06013L601	-121.900000	38.000000
06013L610	-121.680000	37.930000
06013L867	-122.200000	37.900000
06013L870	-122.200000	37.900000
06013L874	-122.200000	37.900000
06013L885	-122.200000	37.900000
06013L888	-122.200000	37.900000
06013L891	-122.200000	37.900000
06013L898	-122.200000	37.900000
06013L904	-122.200000	37.900000
06013L905	-122.200000	37.900000
06013L912	-122.200000	37.900000
060150002	-124.082770	41.561110
06015L502	-124.070560	41.599990
06015M033	-124.077780	41.558330
060170008	-119.966660	38.933050
060179000	-120.102500	38.976100
06017M029	-119.933330	38.986940
06017M058	-120.119450	38.977770
060190005	-119.750270	36.725270
060190008	-119.772220	36.781380
060191002	-120.104720	36.341110
060193002	-119.539720	36.607220
060194001	-119.503610	36.597500
060195001	-119.716380	36.819160
060199000	-119.154600	37.220700
060199001	-119.773200	36.781800
06019L967	-119.792870	36.780600
06019L982	-119.792870	36.780600
060230010	-123.991380	40.884720
060250004	-115.503050	32.673880
060250005	-115.483330	32.676110
060251003	-115.561660	32.791660
06025L020	-115.483330	32.676100
060270004	-118.054440	36.608050
060270020	-117.755000	36.068880
060270101	-116.847770	36.508610
060271001	-117.945550	36.044440
060271003	-117.870550	36.487770
06027L501	-117.140000	36.335270
06027M031	-116.850000	36.508330
060290004	-119.021660	35.375000
060290009	-119.059160	35.361110
060290010	-119.014720	35.385550
060290014	-119.040270	35.356110
060292004	-119.460000	35.142220
060295001	-118.784440	35.208330
060296001	-119.271660	35.503610
060299002	-118.879120	34.828860
060299901	-118.202100	35.698700
060310003	-119.562500	36.086110
060310004	-119.565830	36.101380
060333010	-122.699440	38.774720
060333011	-122.756940	38.848610
060333012	-122.740270	38.851380
060370002	-117.923910	34.136500
060370201	-118.267220	33.886380
060370202	-118.175830	34.005270
060370203	-118.038880	34.041660
060370204	-118.039160	34.041110
060370205	-118.191380	34.006660
060371002	-118.317120	34.176050
060371103	-118.226880	34.066590
060371301	-118.210710	33.928990
060371601	-118.060560	34.014070
060371602	-118.069950	34.014070
060374002	-118.189210	33.823760
060374004	-118.175330	33.792360
060375001	-118.370260	33.922880
060375005	-118.430430	33.950800
060376002	-118.533610	34.387500
060376012	-118.528400	34.383440
060379034	-118.886660	34.816660
06037L014	-117.922780	34.135830
06037L015	-118.139170	34.712220
06037L019	-118.067500	34.070000
06037L029	-117.910400	34.136070
06037L030	-118.316110	34.176100
06037L033	-118.332850	33.912720
06037L038	-118.028000	34.074790
06037L040	-118.170000	33.812800
06037L354	-117.750000	34.125000
06037L355	-117.750000	34.125000
06037L375	-118.317000	33.858000
06037L427	-118.183000	34.067000
06037L437	-118.150000	34.067000
06037L455	-118.201000	34.015990
06037L461	-118.417000	34.000000
06037L472	-118.201000	34.015990
06037L474	-118.236000	33.821990
06037L539	-118.125000	33.942000
06037L554	-117.930000	34.130000
06037L555	-117.930000	34.130000
06037L856	-118.240000	34.049990
06037L857	-118.240000	34.049990
06037L858	-118.240000	34.049990
06037L859	-118.240000	34.049990
06037L860	-118.240000	34.049990
06037L861	-118.240000	34.049990
06037L862	-118.240000	34.049990
06037L863	-118.240000	34.049990
06037L864	-118.240000	34.049990
06037L865	-118.240000	34.049990
06037L866	-118.240000	34.049990
06037L868	-118.240000	34.049990
06037L869	-118.240000	34.049990
06037L871	-118.240000	34.049990
06037L872	-118.240000	34.049990
06037L873	-118.240000	34.049990
06037L875	-118.240000	34.049990
06037L876	-118.240000	34.049990
06037L877	-118.240000	34.049990
06037L878	-118.240000	34.049990
06037L879	-118.240000	34.049990
06037L880	-118.240000	34.049990
06037L881	-118.240000	34.049990
06037L882	-118.240000	34.049990
06037L883	-118.240000	34.049990
06037L884	-118.240000	34.049990
06037L886	-118.240000	34.049990
06037L887	-118.240000	34.049990
06037L889	-118.240000	34.049990
06037L890	-118.240000	34.049990
06037L892	-118.240000	34.049990
06037L893	-118.240000	34.049990
06037L894	-118.240000	34.049990
06037L895	-118.240000	34.049990
06037L896	-118.240000	34.049990
06037L897	-118.240000	34.049990
06037L899	-118.240000	34.049990
06037L900	-118.240000	34.049990
06037L901	-118.240000	34.049990
06037L902	-118.240000	34.049990
06037L903	-118.240000	34.049990
06037L906	-118.240000	34.049990
06037L907	-118.240000	34.049990
06037L908	-118.240000	34.049990
06037L909	-118.240000	34.049990
06037L910	-118.240000	34.049990
06037L911	-118.240000	34.049990
06037L913	-118.240000	34.049990
06037L914	-118.240000	34.049990
060390001	-120.036380	36.954720
060390004	-120.010000	36.866660
060410001	-122.518610	37.972500
060410002	-122.908330	38.123050
060410004	-122.527600	37.834360
06041L425	-122.933000	38.117000
06041L430	-122.650000	37.983000
06041M006	-122.900000	38.116660
060430003	-119.703880	37.713330
06043L426	-119.667000	37.650000
06043L434	-119.700000	37.650000
06043M036	-119.704170	37.712500
06045L034	-123.199500	39.144500
06045L035	-123.210000	39.159100
06045L036	-123.220000	39.150000
06045L037	-123.199000	39.139990
06045L039	-123.199500	39.144500
06045L431	-123.733000	38.950000
06047L021	-120.500000	37.299990
060510001	-118.973330	37.648050
060519000	-119.177100	38.088100
06051L012	-118.973340	37.648050
060550003	-122.294720	38.310830
060571001	-120.170270	39.338610
060590001	-117.938450	33.830620
06059L031	-117.909800	33.826260
06059L456	-118.000000	33.750000
060610006	-121.265270	38.745830
060631006	-120.937770	39.937220
060631008	-120.471660	39.791660
060631009	-120.471660	39.808330
06063L024	-120.937770	39.937220
060650012	-116.858410	33.920860
060651003	-117.400630	33.946030
060653011	-116.974410	33.796530
060653012	-116.956900	33.764850
060658001	-117.416010	33.999580
060659000	-116.970600	33.463600
060659004	-117.416100	33.999960
06065L428	-116.550000	33.799990
06065L429	-117.383000	33.900000
06065L448	-117.300000	33.983000
06065L495	-114.595560	33.610270
06065L540	-117.300000	34.000000
06065L988	-116.183330	34.033330
060670001	-121.250270	38.667220
060670006	-121.366940	38.614160
060670007	-121.380000	38.610000
060670010	-121.491940	38.558330
060670011	-121.422220	38.301940
060670012	-121.162770	38.683880
060670013	-121.513330	38.636940
060674001	-121.457220	38.555830
06067L609	-121.500000	38.529990
060690003	-121.155550	36.485270
06069L986	-121.155560	36.485000
060710006	-117.373880	35.760000
060710014	-117.330000	34.512500
060710015	-117.366660	35.775000
060711004	-117.629140	34.103740
060711234	-117.396110	35.763880
060712002	-117.492010	34.100020
060719002	-116.390550	34.071380
060719004	-117.274110	34.106880
060719010	-116.913200	34.193900
06071L388	-117.633000	34.099990
06071L393	-117.633000	34.099990
06071L492	-117.000000	34.799990
06071L493	-115.330000	35.299990
06071L494	-114.613330	34.848050
06071L496	-116.100000	35.099990
06071M027	-116.901950	34.184720
060730001	-117.056110	32.622770
060730003	-116.941660	32.791380
060730006	-117.133330	32.828330
060731002	-117.074160	33.127770
060731006	-116.750000	32.833330
060731007	-117.152770	32.708880
060731008	-117.396660	33.217220
060731009	-117.132220	32.698610
06073L457	-116.500000	32.900000
06073L458	-116.960000	32.793990
06073L459	-117.267000	32.833000
06073L972	-117.135770	32.814940
06073L976	-117.135770	32.814940
060750005	-122.399100	37.766000
060750006	-122.383330	37.733610
06075L013	-122.403890	37.783610
06075L023	-122.386950	37.755000
06075L968	-122.418330	37.775000
06075L977	-122.418330	37.775000
060771002	-121.267500	37.950830
060773002	-121.531940	37.740000
060773003	-121.534440	37.738050
060791004	-120.618050	35.206940
060791005	-120.580270	35.043880
06079L042	-120.732850	35.179030
06079L045	-120.641690	35.139350
06079L047	-120.733960	35.178890
06079L056	-120.639030	35.136790
06079L059	-120.641690	35.139350
06079L063	-120.639030	35.136790
06079L065	-120.732860	35.178760
06079L066	-120.732150	35.180800
06079L072	-120.733960	35.178890
06079L073	-120.732150	35.180800
06079L076	-120.732850	35.179030
060811001	-122.203400	37.482900
06081L424	-122.200000	37.400000
060830008	-120.024440	34.462220
060830010	-119.701110	34.421380
060831010	-120.400830	34.924440
060831011	-120.498880	34.511660
060831012	-120.457770	34.451940
060831013	-120.427770	34.725550
060831015	-120.210830	34.478050
060831016	-120.205550	34.477770
060831019	-120.188880	34.475270
060831020	-119.878610	34.415270
060831022	-120.431660	34.718880
060831023	-120.220830	34.471380
060831024	-120.176380	34.472220
060831025	-120.045830	34.489720
060831037	-119.863880	34.433330
060831038	-120.041660	34.478610
060831039	-120.043610	34.486660
060832015	-119.864090	34.433470
060834003	-120.630270	34.596110
060834004	-120.640000	34.576940
060835001	-120.606380	34.780830
060839000	-120.007400	34.733900
06083L022	-119.699720	34.420270
060850004	-121.888400	37.339800
060850005	-121.895000	37.348500
060851002	-122.077220	37.373050
060852003	-121.848900	37.306200
060852004	-121.926110	37.323050
060852005	-121.842500	37.401940
060852007	-122.051380	37.355270
060852008	-122.066590	37.402240
060853001	-121.926660	37.316660
06085L433	-121.883000	37.333000
06085L544	-121.852000	37.324000
060893003	-121.572500	40.536940
06089M040	-121.572500	40.537770
060930005	-121.508880	41.711940
060950004	-122.238200	38.102700
06095L597	-122.157500	38.049440
06095L600	-122.157500	38.049440
06095L602	-122.157500	38.049440
06095L603	-122.120000	38.230000
06095L606	-122.157500	38.049440
06095L607	-122.150000	38.049990
06095L612	-122.157500	38.049440
060970003	-122.710000	38.443500
060990002	-120.996660	37.648880
060990003	-120.993610	37.641660
060990005	-120.993610	37.641660
061059000	-122.804600	40.786400
061071001	-118.823880	36.498880
061072002	-119.290270	36.332220
06107L991	-118.187500	35.703880
06107M050	-118.823890	36.498890
061112002	-118.684720	34.277500
061112003	-119.313610	34.280400
061113001	-119.142500	34.255000
06111L018	-118.685000	34.278050
06113L916	121.766590	38.676940
06113L917	-121.772220	38.678610
06113L918	121.766590	38.676940
06113L919	121.766590	38.676940
06113L920	121.766590	38.676940
06113L921	121.766590	38.676940
06113L922	121.766590	38.676940
06113L923	121.766590	38.676940
06113L924	121.766590	38.676940
06113L925	121.766590	38.676940
06113L926	121.766590	38.676940
06113L927	121.766590	38.676940
06113L928	121.766590	38.676940
080010001	-104.935270	39.827770
080010005	-104.976940	39.795000
080010006	-104.937220	39.828050
080013001	-104.948880	39.839160
080039000	-105.518500	37.724900
08003M025	-105.518330	37.724990
08013L586	-105.200000	40.099990
08013L614	-105.200000	40.099990
08013L667	-105.200000	40.099990
080310002	-104.987220	39.751110
080310015	-104.986440	39.697780
080310023	-104.956260	39.778730
080310024	-104.984020	39.697670
080310025	-104.998070	39.704400
080310602	-104.986660	39.788330
080310603	-104.976940	39.795000
080311601	-104.985550	39.777220
080318001	-105.008100	39.743499
080318005	-104.955850	39.783546
08031L421	-104.957000	39.785000
08031L451	-104.983000	39.750000
08031L538	-104.983000	39.750000
08031L658	-104.984170	39.739160
080370611	-106.429160	39.586380
080370612	-106.414440	39.563050
080410011	-104.827770	38.831380
080579000	-106.676600	40.538300
080590006	-105.188330	39.912770
080650001	-106.291380	39.247770
080670008	-107.875000	37.268610
080679000	-107.484200	37.303800
08067L996	-107.800000	37.650000
080690011	-105.141100	40.592560
080699001	-105.545700	40.278300
08069M041	-105.545000	40.277220
08069M049	-105.566670	40.383330
080770003	-108.563880	39.090830
080770016	-108.554440	39.058880
080770017	-108.561010	39.063620
080770018	-108.561650	39.066200
080830005	-108.491940	37.203610
080839000	-108.490700	37.198400
08083M019	-108.486110	37.203330
08087L585	-104.000000	40.500000
080979000	-106.820900	39.153600
08097M053	-106.819440	39.153610
081010013	-104.584340	38.238890
081010014	-104.606240	38.244160
08107L998	-106.700000	40.549990
08107M056	-106.733330	40.466660
081119000	-107.799900	37.659400
081230008	-104.823050	40.209160
081230010	-104.694220	40.423370
090010017	-73.585000	41.003610
090019003	-73.336660	41.118330
09001L657	-73.205270	41.166940
090030017	-72.670270	41.769160
090031003	-72.631660	41.784720
09003L111	-72.615940	41.761350
09003L113	-72.683860	41.765700
090050005	-73.297220	41.821380
090090027	-72.902770	41.301110
090091123	-72.916940	41.310830
090099005	-72.921380	41.341110
09009L107	-72.819390	41.449790
09009L108	-72.901900	41.502100
09009L109	-72.819390	41.449790
09009L110	-72.819390	41.449790
09009L112	-72.813940	41.276180
09009L114	-72.677010	41.280350
09009L646	-72.928610	41.308050
090131001	-72.388050	41.976380
100010002	-75.555550	38.984720
100010003	-75.518050	39.155000
100031007	-75.730830	39.551110
100031008	-75.611110	39.577770
100032004	-75.558050	39.739440
100051002	-75.613050	38.644440
110010025	-77.022770	38.975270
110010027	-77.075000	38.964720
110010039	-76.991940	38.864160
110010042	-77.032500	38.880830
110010043	-77.012500	38.918880
110019000	-77.034400	38.876200
120110009	-80.132770	26.134720
120110010	-80.167220	26.128610
120110011	-80.145830	26.098330
120111002	-80.237770	26.082770
120111003	-80.168610	26.129160
120111004	-80.148330	26.103050
120111201	-80.247770	25.982220
120112003	-80.097000	26.290000
120112004	-80.127770	26.217220
120113002	-80.160550	26.000830
120114001	-80.178610	26.010550
120114002	-80.203880	26.171660
120115005	-80.177770	26.295000
120118002	-80.111000	26.087000
12011L156	-80.452890	26.146130
120179000	-82.554900	28.748400
12017M009	-82.554440	28.748330
12025L526	-80.210990	25.799000
12025M003	-80.680830	25.390270
120310032	-81.635550	30.356110
120310077	-81.587500	30.477500
120310080	-81.652500	30.308880
120310084	-81.687770	30.320270
120310100	-81.454000	30.261000
120310101	-81.618610	30.335010
120310102	-81.567250	30.353190
120310103	-81.585850	30.417070
120310104	-81.618410	30.352370
120310105	-81.683950	30.317250
12031L115	-81.508820	30.363380
12031L116	-81.615040	30.194370
12031L117	-81.556960	30.412320
12031L118	-81.719980	30.303120
12031L119	-81.685310	30.320000
12031L120	-81.652710	30.365300
12031L121	-81.661130	30.318510
12031L122	-81.636640	30.321280
12031L123	-81.624830	30.354790
12031L124	-82.010180	30.235230
12031L125	-81.742560	30.313890
12031L126	-81.564990	30.277380
12031L127	-81.516380	30.267600
12031L128	-81.665230	30.390950
12031L129	-81.809750	30.374810
12031L130	-81.592780	30.270360
12031L131	-81.651570	30.329980
12031L132	-81.544060	30.403660
12031L133	-81.770100	30.269860
12031L134	-81.633600	30.323320
12031L135	-81.651270	30.324450
12031L136	-81.702010	30.439590
12031L137	-81.649620	30.313690
12031L138	-81.714760	30.331700
12031L139	-81.627630	30.268200
12031L140	-81.581920	30.364980
12031L141	-81.458960	30.394110
12031L142	-81.728850	30.350160
12031L143	-81.440450	30.392730
12031L144	-81.750960	30.343630
12031L146	-81.701810	30.352150
12031L147	-81.743940	30.204500
12031L148	-81.715090	30.234120
12031L149	-81.673630	30.321920
12031L150	-81.633350	30.323120
12031L151	-81.629930	30.305390
12031L152	-81.629800	30.466070
12031L153	-81.747080	30.367170
12031L155	-81.586800	30.336740
120330004	-87.204160	30.525000
12033PNS	-87.256000	30.437000
120570081	-82.465270	27.739720
120571060	-82.456380	28.001380
120571065	-82.538610	27.892220
120571066	-82.382500	27.960270
120571067	-82.385270	27.963050
120571071	-82.276380	27.943330
120571073	-82.379440	27.965830
120571074	-82.382220	27.971380
120571075	-82.378050	28.050000
120573002	-82.230400	27.965650
120730012	-84.348330	30.439720
120860024	-80.430270	25.766110
120860029	-80.327000	25.586000
120860030	-80.683330	25.388330
120860032	-80.258300	25.875830
120861016	-80.206110	25.794160
120864002	-80.210270	25.798330
120865001	-80.278610	25.865270
12087L499	-80.446810	25.092100
120950007	-81.416940	28.507220
120951004	-81.345550	28.550830
120952002	-81.363050	28.599440
120990008	-80.666660	26.724440
120990018	-80.149160	26.803610
120992005	-80.093050	26.457770
12099L520	-80.063000	26.715000
121030004	-82.731940	27.946380
121030018	-82.740000	27.785550
121030024	-82.728050	27.792770
121030026	-82.714590	27.850040
121031002	-82.791660	27.892500
121031008	-82.776380	28.000000
121032008	-82.680550	27.892500
121033005	-82.696380	27.875830
121035002	-82.700830	28.090000
121290001	-84.161940	30.093050
130090001	-83.249720	33.166380
130210007	-83.646940	32.779440
130210012	-83.544720	32.803050
130499000	-82.128300	30.740500
13049L990	-82.128600	30.740270
130510017	-81.144160	32.092770
130510021	-81.048880	32.068330
13051L163	-80.907550	32.035160
13051L164	-81.278660	31.996400
13051L167	-81.113860	32.021620
13051L168	-81.278660	31.996400
13051L169	-81.211180	32.061050
13051L170	-81.278660	31.996400
13051L172	-81.130400	32.090590
13051L173	-81.278660	31.996400
13051L174	-80.997250	31.974040
13051L175	-81.031870	32.082250
13051L176	-81.136000	32.054900
13051L177	-81.104300	32.038790
13051L178	-81.059690	32.066470
13051L179	-81.150260	32.105230
13051L180	-81.115080	32.067960
13051L181	-81.170490	32.144740
13057L337	-84.306110	34.283050
130590001	-83.372220	33.945830
13067L162	-84.691660	34.035000
130690002	-82.765100	31.524300
130850001	-84.056110	34.377770
130890002	-84.290270	33.687500
130893001	-84.213610	33.847770
130899000	-84.290350	33.686980
13089L157	-84.284580	33.692980
13089L160	-84.217220	33.854440
13089L971	-84.297800	33.771250
13089L975	-84.297800	33.771250
13107L333	-82.110830	32.561940
13113L338	-84.472500	33.267500
131150004	-85.179160	34.263050
131150005	-85.272500	34.263330
131210020	-84.552770	33.741110
131210053	-84.375550	33.748330
13121JST	-84.413000	33.776000
13121L158	-84.395510	33.774800
13121L159	-84.374190	33.756700
13121L161	-84.429920	33.712800
13121L529	-84.375000	33.748000
13121L659	-84.388050	33.748890
131273001	-81.485000	31.184600
13127L182	-81.411740	31.115110
13127L183	-81.492600	31.171960
13127L184	-81.491280	31.172200
13127L185	-81.491790	31.147960
13127L186	-81.408520	31.140320
13127L187	-81.506380	31.201110
131390003	-83.814440	34.298880
131410001	-82.968000	33.298000
131530001	-83.597770	32.605830
131810001	-82.468000	33.795000
131850003	-83.294440	30.848050
132139000	-84.626500	34.785200
132150011	-84.931660	32.430830
132155000	-84.942100	32.503100
132230003	-85.045480	33.928550
13223L324	-85.050000	33.930000
13223L336	-85.046110	33.928050
13223YRK	-85.046000	33.931000
132450091	-82.021940	33.433330
132450092	-81.990270	33.431380
132470001	-84.066660	33.585550
132630001	-84.404000	32.778000
132950002	-85.297500	34.966110
150019000	-155.576700	19.536200
150019001	-155.576700	19.536200
150019002	-155.257900	19.430900
150019003	-155.578000	19.538900
150019004	-155.578000	19.538900
150030009	-157.861380	21.321940
150031001	-157.858050	21.310270
150032004	-157.971660	21.396660
150099000	-156.282300	20.808600
160010010	-116.348430	43.607568
160230003	-113.033300	43.650000
160230101	-113.562220	43.460550
160270004	-116.563230	43.562400
160370002	-114.927100	44.170500
160590007	-114.026000	45.158800
160790006	-116.127500	47.543050
170199000	-88.373300	40.052000
170310001	-87.732450	41.672740
170310014	-87.623800	41.834240
170310018	-87.602500	41.652770
170310022	-87.539310	41.689190
170310026	-87.645000	41.873330
170310039	-87.620270	41.894440
170310041	-87.561940	41.698880
170310049	-87.623610	41.896940
170310050	-87.568570	41.709560
170310052	-87.749930	41.967420
170310057	-87.722720	41.914730
170310060	-87.589550	41.656580
170310067	-87.556940	41.688880
170310068	-87.555830	41.685830
170310069	-87.553050	41.685550
170310072	-87.607500	41.895830
170310073	-87.737220	41.890000
170310074	-87.740000	41.898330
170310076	-87.713740	41.751360
170311018	-87.815270	41.773880
170311601	-87.990570	41.670160
170312001	-87.696460	41.663990
170313101	-87.876260	41.965250
170313103	-87.876380	41.965270
170313301	-87.805270	41.782770
170314201	-87.799160	42.140000
170316001	-87.750270	41.859720
170316003	-87.826110	41.871940
170318003	-87.568050	41.631380
170319003	-87.713500	41.751400
170431003	-87.928610	41.947500
170434001	-87.938880	41.901380
170434002	-88.152500	41.771190
170971007	-87.810020	42.467530
171150002	-88.924720	39.859440
171150013	-88.925550	39.866940
171170002	-89.809740	39.398030
171190009	-90.139440	38.695270
171190010	-90.153610	38.694160
171190023	-90.143430	38.699480
171191007	-90.139440	38.704440
171191011	-90.063330	38.831110
171191012	-90.099160	38.799160
171191013	-90.092770	38.795270
171191014	-90.097220	38.795270
171191015	-90.095550	38.791940
171191016	-90.099160	38.800000
171192009	-90.143050	38.902770
171193007	-90.105830	38.860550
171430037	-89.584740	40.698880
171610001	-90.440270	41.514440
171630010	-90.160270	38.612220
171631005	0.000000	0.000000
171631010	-90.165000	38.591940
171971002	-88.116380	41.526660
171971011	-88.190940	41.221590
172010010	-89.089440	42.267220
180030004	-85.101940	41.094720
180030009	-85.057770	41.046380
180030012	-85.169720	41.074440
180030013	-85.174160	41.057500
180050005	-85.906940	39.212500
180330002	-84.926380	41.364160
180330003	-84.908050	41.368880
180350008	-85.421110	40.158050
180350009	-85.415550	40.159440
180372001	-86.929160	38.391380
180390003	-85.969440	41.667770
180390004	-85.974720	41.701380
180390005	-85.946380	41.684720
180390006	-85.925000	41.703330
180650003	-85.523610	40.011660
180890004	-87.441110	41.650270
180890022	-87.304720	41.606660
180890023	-87.439440	41.652770
180890025	-87.458610	41.613050
180890028	-87.515000	41.636660
180890029	-87.325830	41.585550
180890030	-87.494720	41.681380
180891003	-87.407770	41.588880
180892004	-87.474440	41.585270
180892008	-87.493610	41.639440
180892011	-87.471940	41.592500
180892013	-87.472220	41.596940
180910008	-86.906940	41.725550
180910009	-86.884440	41.728880
180930004	-86.551940	38.889440
180970057	-86.186240	39.748880
180970058	-86.136660	39.787770
180970062	-86.131110	39.788050
180970063	-86.297220	39.760830
180970069	-86.062500	39.718610
180970073	-86.060830	39.789160
180970075	-86.063880	39.715270
180970076	-86.289720	39.758880
180970078	-86.114460	39.811090
180970081	-86.214990	39.789940
180970084	-86.115550	39.759080
180970085	-86.225950	39.740383
181010001	-86.760830	38.890270
181270024	-87.199160	41.617500
181290004	-87.884720	37.937500
181411008	-86.236660	41.693610
181630006	-87.567220	37.971660
181630012	-87.569440	38.021660
181630016	-87.532220	37.974440
181630017	-87.561940	37.958880
181630018	-87.553610	37.998050
181670022	-87.401110	39.524160
181759000	-86.260400	38.534600
190290003	-95.068400	41.330910
190450021	-90.177440	41.874970
190650003	-91.864200	42.978800
190790007	-93.502110	42.416420
190790008	-93.757700	42.335300
190790009	-93.712700	42.374300
190810008	-93.716300	42.915500
190830004	-93.181900	42.543300
190850006	-95.801060	41.786650
191130037	-91.678610	42.008330
191130039	-91.682500	41.934160
191370002	-95.043860	40.971210
191390020	-91.062500	41.407770
191530030	-93.643050	41.603050
191532510	-93.747770	41.602770
191532520	-93.614160	41.664720
191550017	-95.917500	41.258610
191570005	-92.583060	41.732320
191610005	-95.075760	42.376280
191630015	-90.587500	41.530000
191670003	-96.234130	43.087380
191670004	-95.977700	43.067300
191770006	-92.006310	40.695070
191779000	-92.005900	40.693200
191930018	-96.355830	42.399440
191970004	-93.655980	42.695380
191970005	-93.669690	42.893970
191970006	-93.912330	42.802250
191970007	-93.675800	42.886000
200139000	-95.568200	39.979100
200170001	-96.560200	38.434100
200290001	-97.656940	39.571660
200290002	-97.659800	39.569000
200570001	-100.017770	37.771940
200710001	-101.775270	38.466110
200910006	-94.672770	38.993880
200910007	-94.686940	38.974440
200912001	-94.688330	39.038610
200912002	-94.695000	38.956940
200930001	-101.132720	37.980660
201250002	-95.603050	37.041660
201250006	-95.613330	37.046940
201250007	-95.638820	37.062930
201290001	-101.824160	37.133330
201290002	-101.780000	37.265550
201290003	-101.774720	37.315550
201290004	-101.771360	37.280970
201330002	-95.474440	37.676110
201450001	-99.108020	38.176250
201730004	-97.444160	37.677220
201730007	-97.375270	37.708880
201730008	-97.297220	37.659720
201730009	-97.362220	37.651110
201730010	-97.313880	37.701110
201731012	-97.316380	37.747220
201770002	-95.953330	39.140000
201770003	-95.613330	39.115830
201770005	-95.702500	39.000830
201770007	-95.660270	39.074720
201770009	-95.743330	39.018880
201771002	-95.695830	39.053880
201810001	-101.713050	39.348330
201950001	-99.763610	38.770270
202090001	-94.624440	39.113050
202090007	-94.705550	39.075270
202090015	-94.621380	39.087770
202090020	-94.617500	39.151380
202090021	-94.635550	39.117500
210150003	-84.852770	38.918050
210190002	-82.631940	38.478610
210190016	-82.591940	38.331110
210190017	-82.640550	38.459160
21019L226	-82.591940	38.331110
210590005	-87.075550	37.780830
210590014	-87.118050	37.741110
210619000	-86.147900	37.131800
21061L328	-86.150000	37.183330
21061M010	-86.073600	37.217770
210670012	-84.500000	38.065000
210670014	-84.507500	38.038880
211110043	-85.825270	38.232220
211110048	-85.731660	38.240550
211110054	-85.823330	38.226940
211110055	-85.852630	38.205300
211110056	-85.777720	38.242220
211110057	-85.583050	38.219160
211110058	-85.858940	38.184710
211110059	-85.845550	38.192880
211110060	-85.832360	38.246550
211110061	-85.823630	38.257800
211110062	-85.821550	38.209380
211111020	-85.748050	38.252500
211111041	-85.826720	38.231630
21111L981	-85.741150	38.224750
21111L983	-85.741150	38.224750
211170007	-84.525000	39.072500
211250004	-84.063330	37.087220
211270003	-82.872770	38.184440
21127L227	-82.872780	38.184440
211390004	-88.334160	37.070830
211451004	-88.637770	37.065550
211451024	-88.572500	37.058050
211451026	-88.541110	37.040830
211570014	-88.195100	37.024200
211570016	-88.211500	37.023100
211570018	-88.343940	37.026910
21157L937	-88.327000	37.050990
21157L938	-88.327000	37.050990
21157L939	-88.327000	37.050990
21157L940	-88.327000	37.050990
21157L942	-88.327000	37.050990
21157L943	-88.327000	37.050990
21157L946	-88.327000	37.050990
21157L948	-88.327000	37.050990
21157L956	-88.327000	37.050990
21157L964	-88.327000	37.050990
21157L965	-88.327000	37.050990
211630002	-86.043000	37.947630
211830032	-86.956090	37.319720
211930003	-83.220270	37.283050
212219000	-87.850100	36.784200
21221L332	-88.010000	36.900000
212270007	-86.418330	36.993330
212270008	-86.250550	37.036660
220050004	-90.968330	30.233880
22005L356	-91.041000	30.200000
22005L381	-91.041000	30.200000
220150008	-93.749720	32.534160
220190008	-93.284160	30.261660
22019L361	-93.217000	30.216990
22019L468	-93.217000	30.216990
22019L508	-93.217000	30.225000
22019L615	-93.199990	30.200000
22019L621	-93.199990	30.200000
22019L949	-93.285000	30.253000
22019L953	-93.285000	30.253000
22019L954	-93.285000	30.253000
22019L955	-93.285000	30.253000
22019L958	-93.285000	30.253000
22019L959	-93.285000	30.253000
22019L962	-93.285000	30.253000
22019L963	-93.285000	30.253000
220330002	-91.150000	30.491660
220330004	-91.187770	30.460830
220330006	-91.188050	30.464440
220330008	-91.100000	30.700000
220330009	-91.176940	30.461110
220330013	-91.055830	30.700270
220331001	-91.206940	30.587220
220331002	-91.251660	30.608880
22033L228	-91.188050	30.464440
22033L360	-91.167000	30.500000
22033L387	-91.167000	30.500000
22033L400	-91.167000	30.500000
22033L409	-91.167000	30.500000
22033L510	-91.188000	30.461000
22033L915	-91.167000	30.500000
220470009	-91.316110	30.220550
22047L408	-91.266990	30.283000
220510003	-90.174440	29.995550
220511001	-90.275000	30.043330
220512001	-90.083330	29.883050
220518105	-90.123090	30.020890
220518106	-90.211610	29.999260
220518107	-90.231780	29.919800
220710010	-90.121660	29.955500
220710012	-90.102770	29.994440
220718104	-90.128170	29.960590
220718105	-89.927180	30.016900
220718106	-90.045460	30.032320
220718107	-90.063340	29.957140
220718108	-89.916360	29.885950
220718109	-89.737330	30.166350
220718110	-89.804760	30.065500
220718401	-90.056890	29.962490
22071L941	-90.074990	29.954440
22071L944	-90.074990	29.954440
22071L945	-90.074990	29.954440
22071L947	-90.074990	29.954440
22071L950	-90.074990	29.954440
22071L951	-90.074990	29.954440
22071L952	-90.074990	29.954440
22071L957	-90.074990	29.954440
22071L960	-90.074990	29.954440
22071L961	-90.074990	29.954440
22071L966	-90.074990	29.954440
220730004	-92.046090	32.509710
220758108	-89.949520	29.885460
220758400	-89.949520	29.885460
220759000	-89.206600	29.118900
220870002	-89.998610	29.981940
220870004	-89.933330	29.941660
220878103	-89.998600	29.971440
220890003	-90.410550	29.984160
220890004	-90.353050	29.940830
220890005	-90.359440	29.933050
220950002	-90.608330	30.058330
220950003	-90.433880	30.059440
221010004	-91.102770	29.664160
221038101	-89.776850	30.245830
221038400	-89.814150	30.314450
221038401	-89.769970	30.265880
221210001	-91.209720	30.501940
221279000	-92.435000	32.057400
230010011	-70.215000	44.089440
230031020	-68.033300	46.696400
230050014	-70.261380	43.659720
230050015	-70.256660	43.678050
230050103	-70.729200	44.107400
230052003	-70.207770	43.560830
230059002	-70.064400	43.832500
23005L525	-70.262000	43.660000
230090101	-68.260830	44.373610
230090102	-68.227220	44.351660
230090103	-68.260900	44.377050
23009M005	-68.260550	44.373890
230112005	-69.785550	44.230270
230170008	-70.531660	44.548330
230170009	-70.546110	44.555270
230172011	-70.548330	44.550830
230172012	-70.534250	44.295310
230190002	-68.769740	44.798840
230194003	-68.646110	44.933050
230210002	-69.555270	45.465000
230291004	-67.266100	45.125900
23029M044	-67.264440	45.119990
230310002	-70.447500	43.491940
230310005	-70.456660	43.489720
230310006	-70.451940	43.496380
230310007	-70.450550	43.511660
230313002	-70.750000	43.083330
240030019	-76.729440	39.101110
240031003	-76.627930	39.169530
24003L569	-76.508330	39.166660
24003L576	-76.508330	39.166660
240053001	-76.474440	39.310830
240059000	-76.709140	39.243830
24005L561	-76.520830	39.250550
24005L562	-76.449160	39.221110
24005L566	-76.520830	39.250550
24005L570	-76.449160	39.221110
240170011	-76.937500	38.354160
240239000	-79.012110	39.705890
240259001	-76.203880	39.563330
240311008	-77.116380	39.053330
240330004	-76.904440	38.923880
240330030	-76.878330	39.055270
245100006	-76.582220	39.340550
245100008	-76.547610	39.287680
245100009	-76.663880	39.277770
245100011	-76.584440	39.236660
245100018	-76.613330	39.314160
245100035	-76.579720	39.232770
245100038	-76.538880	39.276110
245100040	-76.604720	39.298050
245100041	-76.540830	39.311940
245100043	-76.580550	39.264160
245100045	-76.641660	39.332770
245100050	-76.582500	39.318610
245100051	-76.598880	39.281380
245100053	-76.554440	39.288880
245100991	-76.548050	39.209160
24510L557	-76.618330	39.334720
24510L558	-76.584440	39.236660
24510L559	-76.584440	39.236660
24510L560	-76.612500	39.290270
24510L563	-76.612500	39.290270
24510L564	-76.612500	39.290270
24510L565	-76.538880	39.276110
24510L567	-76.580550	39.264160
24510L568	-76.538880	39.276110
24510L571	-76.582220	39.340550
24510L572	-76.580550	39.264160
24510L573	-76.618330	39.334720
24510L574	-76.582220	39.340550
24510L575	-76.612500	39.290270
24510L655	-76.604720	39.298050
250010002	-70.024720	41.975830
250051002	-70.881380	41.635270
250051005	-71.148880	42.063050
250052004	-70.926660	41.628610
250070001	-70.785900	41.330520
250092006	-70.972500	42.474440
250094004	-70.809160	42.789440
250095005	-71.105830	42.762770
25009L232	-70.962500	42.474200
250130003	-72.678050	42.061660
250130008	-72.555710	42.194460
250130011	-72.588050	42.098880
250130016	-72.591380	42.108880
250130017	-72.547770	42.121660
250132007	-72.591660	42.100550
250154002	-72.334720	42.298330
250171801	-71.388880	42.385000
25017L231	-71.098190	42.474090
250213003	-71.114720	42.212220
250250002	-71.097730	42.348930
250250012	-71.068330	42.329440
250250021	-71.028330	42.378050
250250027	-71.063310	42.372920
250250041	-70.968810	42.317410
250250042	-71.082770	42.329440
25025L229	-71.017890	42.335990
25025L514	-71.029990	42.401000
25025L553	-71.033330	42.391660
25025L979	-71.033490	42.395900
25025L984	-71.033490	42.395900
250270020	-71.798880	42.267220
260050002	-86.170000	42.464160
260050003	-86.148610	42.767770
260070901	-83.450270	45.083610
260070902	-83.426660	45.068050
260070903	-83.345550	45.044440
260070906	-83.433330	45.072220
260310001	-84.674720	45.558880
260330033	-84.629720	46.485000
260330901	-84.364160	46.493610
260490011	-83.685830	43.025000
260490021	-83.670270	43.047220
260550002	-85.521380	44.874440
260570001	-84.625830	43.386110
260630003	-83.373610	43.849440
260650013	-84.573610	42.741940
260650921	-84.573610	42.741940
260650922	-84.576940	42.735550
260650923	-84.563050	42.732770
260650924	-84.593610	42.733880
260651001	-84.551110	42.742770
260770002	-85.592770	42.295000
260770004	-85.553330	42.217220
260770008	-85.541940	42.278050
260770901	-85.552500	42.216380
260770902	-85.543330	42.214440
260770903	-85.558610	42.189160
260770905	-85.541940	42.278050
260810010	-85.656380	42.959720
260810020	-85.671380	42.984160
260810021	-85.671110	42.938610
260810901	-85.678880	42.775550
260810902	-85.680000	42.762770
260812002	-85.680000	42.913610
260839001	-88.149100	47.459600
261090002	-87.621660	45.114440
261110007	-84.216380	43.609440
261110951	-84.210550	43.609160
261110952	-84.221380	43.610000
261110953	-84.209440	43.591380
261110954	-84.298880	43.601380
261110955	-84.221110	43.589440
261110956	-84.228610	43.618050
261110957	-84.176940	43.606660
261110959	-84.321610	43.576180
261130001	-84.891940	44.310550
261150005	-83.471940	41.763880
261210023	-86.213050	43.242500
261210914	-86.121660	43.207220
261210915	-86.116940	43.212770
261210917	-86.120830	43.209160
261250010	-83.280000	42.490270
261390009	-86.114440	42.790000
261390010	-86.110270	42.797220
261450002	-83.911660	43.451380
261470005	-82.456380	42.953330
261510002	-82.646940	43.571660
261530001	-85.950270	46.288880
261539000	-85.950300	46.288900
261590901	-85.827770	42.168880
26159L237	-86.273610	42.403050
261610002	-83.743050	42.294720
261610008	-83.599720	42.240550
261618001	-83.901940	42.416940
261630001	-83.208330	42.228610
261630002	-83.149720	42.305830
261630005	-83.132220	42.267220
261630015	-83.106660	42.302770
261630019	-83.000270	42.430830
261630027	-83.106940	42.292220
261630029	-83.023610	42.338050
261630032	-83.032220	42.374160
261630033	-83.148880	42.306660
261639002	-83.208500	42.228600
270072302	-94.884440	47.473330
270190052	-93.591800	44.850650
270272103	-96.743610	46.871940
270353202	-94.359090	46.164690
270370001	-93.115000	44.833330
270370020	-93.032470	44.765340
270370421	-93.040970	44.777190
270370423	-93.062770	44.775000
270370424	-93.062220	44.779720
270370425	-93.072650	44.799610
270370426	-93.032850	44.773030
270370428	-93.085270	44.792220
270370439	-93.043260	44.748030
270370441	-93.026900	44.748360
270370442	-93.005550	44.740350
270370462	-93.116380	44.833330
270370463	-93.118880	44.834720
270370465	-93.116280	44.836420
270370470	-93.237290	44.740750
270412010	-95.380000	45.883330
270412110	-95.605270	45.968250
270475401	-93.366380	43.650270
270495356	-92.831230	44.397650
270530026	-93.266380	44.978880
270530050	-93.267110	45.001220
270530053	-93.269440	44.981110
270530260	-93.420830	45.032770
270530953	-93.247500	45.002500
270530958	-93.204440	44.926110
270530959	-93.236700	45.003900
270530960	-93.256660	44.959440
270530961	-93.258820	44.877530
270530963	-93.258270	44.955390
270530964	-93.195370	44.888550
270530965	-93.240040	45.004470
270530966	-93.266140	44.981330
270530967	-93.234880	44.996460
270530968	-93.233220	44.893000
270530969	-93.238280	44.902560
270531007	-93.298720	45.041810
270533004	-93.298050	44.876110
270611105	-93.526190	47.236750
270674110	-95.040070	45.112300
270711240	-93.402220	48.605270
270711241	-93.406380	48.605270
270757608	-91.264160	47.296380
270759000	-91.495500	47.946600
27075M060	-91.496100	47.946380
270854301	-94.367220	44.890830
270953051	-93.759410	46.207020
270973049	-94.347200	45.971160
271035109	-94.039580	44.183790
271095008	-92.450360	43.996900
271112005	-96.073880	46.281380
271112012	-95.583880	46.586940
271151400	-92.999720	46.121380
271174002	-96.319780	43.997450
271230017	-93.065120	44.944130
271230021	-93.056440	44.968170
271230038	-93.205270	44.966110
271230866	-93.017150	44.899370
271230868	-93.098470	44.952440
271230871	-93.035890	44.961450
271230874	-93.119320	44.932550
271231003	-93.190220	44.963220
271339000	-96.191300	43.715800
271352401	-95.328050	48.911660
271377001	-92.536300	47.523350
271377014	-92.926660	47.423880
271377549	-92.119440	46.771400
271377550	-92.089410	46.820190
271377551	-92.133050	46.766660
271377555	-92.163360	46.732640
271379000	-92.828600	48.412600
27137L240	-92.115700	46.772250
27137M066	-93.171110	48.586660
271413050	-93.599440	45.303330
271453052	-94.133450	45.549830
271514500	-95.917500	45.247770
271630009	-92.995680	44.848340
271630301	-92.822220	44.991660
271630436	-92.995590	44.849300
271630438	-93.003480	44.861800
271630445	-92.780272	45.018820
27163L239	-92.998550	44.874500
271695210	-91.642280	44.050900
271699000	-91.405200	43.937300
27169L238	-91.657130	44.047770
271713201	-93.669010	45.211030
271734003	-95.535550	44.810000
280010004	-91.390250	31.560380
280030003	-88.516660	34.939440
280190001	-89.203880	33.378880
280350004	-89.287160	31.323630
280430001	-89.797220	33.836110
280458104	-89.449330	30.268920
280458105	-89.441140	30.409660
280458108	-89.374300	30.286730
280458201	-89.580370	30.393190
280470008	-89.049720	30.390130
280478101	-89.155130	30.373670
280478102	-89.052680	30.449000
280478103	-88.982700	30.470910
280478106	-88.879870	30.402880
280478107	-89.267380	30.319690
28047GFP	-89.050000	30.391000
280490007	-90.211110	32.267770
280490010	-90.140910	32.385580
280490018	-90.188300	32.296800
280590006	-88.533940	30.378190
280670002	-89.135050	31.688440
280810005	-88.766220	34.264910
28111L325	-88.930000	30.990000
290390001	-94.037500	37.695830
290470005	-94.376380	39.303050
290530001	-92.918050	38.795000
290870001	-95.222220	40.044440
290870002	-95.218330	40.039440
290870003	-95.246940	40.041380
290870004	-95.210270	40.033880
290870005	-95.221110	40.015000
290870006	-95.232220	40.034720
290870007	-95.230550	40.029720
290870008	-95.235830	40.027220
290930016	-91.129160	37.625270
290930020	-91.141940	37.652770
290930021	-91.130550	37.654160
290930022	-91.146660	37.645550
290930023	-90.695550	37.503330
290930024	-90.690270	37.479720
290930025	-90.697500	37.510550
290930026	-90.686380	37.459160
290930027	-90.690000	37.486110
290930029	-90.689440	37.471660
290930030	-90.690000	37.466380
290950031	-94.569440	38.957220
290952002	-94.577770	39.095270
29095L518	-94.587990	39.105000
290990004	-90.378500	38.263300
290990005	-90.379440	38.267220
290990008	-90.394160	38.261940
290990009	-90.381940	38.284440
290990010	-90.376800	38.241100
290990011	-90.373800	38.268200
290990012	-90.361380	38.437770
290990013	-90.380000	38.273610
290990015	-90.379720	38.261660
290990016	-90.384600	38.266000
290990021	-90.377667	38.264833
291290001	-93.418330	40.560000
291831002	-90.226380	38.872500
291860005	-90.422220	37.896940
291870002	-90.513610	37.836940
291870003	-90.513610	37.805000
291870004	-90.508330	37.837500
291890001	-90.343610	38.521660
291890004	-90.382770	38.532500
291892003	-90.350550	38.649720
292070001	-90.140000	36.970000
292130003	-92.922100	36.613800
295100006	-90.200550	38.626940
295100025	-90.243050	38.593610
295100072	-90.198610	38.624160
295100085	-90.198100	38.656300
295100087	-90.185580	38.642440
295100089	-90.232770	38.601770
295100090	-90.208220	38.616830
295100091	-90.239190	38.585860
29510L449	-90.197770	38.627220
29510L506	-90.200990	38.626990
29510L541	-90.199990	38.599990
300070011	-111.672770	46.310000
300070015	-111.680270	46.317500
300230010	-112.939160	46.131660
300230011	-112.911660	46.120550
300230706	-112.878610	46.104160
300230714	-112.926110	46.129160
300270004	-109.460830	47.286940
300270005	-109.455830	47.273610
300279000	-108.719600	47.582300
300299001	-113.996600	48.510500
30029L999	-113.995560	48.510550
300430011	-112.013880	45.888880
300430012	-111.991660	45.916660
300430019	-112.069720	46.356380
300430020	-112.104720	46.350270
300430022	-112.123610	46.381110
300430023	-112.118330	46.383330
300430024	-111.960830	46.191110
300430025	-111.946660	46.273050
300430026	-111.952770	46.286940
300430903	-111.917220	46.557770
300479000	-114.269000	47.773400
300490703	-111.920000	46.593880
300490714	-111.920550	46.588880
300490719	-111.922500	46.589440
300490724	-111.917770	46.594440
300490726	-111.910550	46.580270
300490727	-111.918880	46.588330
300499000	-111.710700	46.826200
300530018	-115.548050	48.384160
300630016	-114.203880	46.942500
300630024	-114.019720	46.842220
300630031	-113.995250	46.874910
300630034	-114.122220	46.948050
300670001	-110.631380	45.074720
300670002	-110.635270	45.070550
300670003	-110.641940	45.056110
300670005	-109.939440	45.057770
300670006	-109.971380	45.058050
300670007	-109.935830	45.019720
300670009	-110.630270	45.069160
300670010	-110.627770	45.069160
300710002	-108.623880	47.898330
300710003	-108.588050	47.917220
300710005	-108.521110	47.917500
300710006	-108.510270	47.917770
300710007	-108.624440	47.883330
300710008	-108.497500	47.883610
300779000	-113.154400	47.122200
300819000	-114.000100	45.859800
30081M038	-113.998340	45.860000
300859000	-105.102200	48.308000
300870762	-106.556660	45.648330
300899000	-115.670900	47.954900
300919000	-104.475700	48.487100
300930033	-112.817770	45.982500
300930035	-112.801940	46.009720
300930036	-112.871110	45.959440
300930037	-112.815830	46.001660
300930038	-112.891110	45.958050
300930041	-112.495270	46.004720
300930042	-112.480550	45.993050
300930043	-112.521380	46.012500
300930049	-112.465270	46.007220
300930050	-112.482770	46.038050
300930054	-112.522500	46.011660
300950002	-109.866940	45.388330
300970005	-110.056660	45.501380
310250006	-96.161660	41.001110
310530003	-96.481110	41.429440
310530004	-96.481110	41.425270
310550011	-95.930270	41.270270
310550019	-95.975550	41.247220
310550040	-96.033330	41.258610
310550041	-95.921380	41.252770
310550042	-95.923880	41.263880
310550043	-95.936660	41.323610
310550046	-95.922220	41.258880
310550047	-95.950270	41.238330
310550049	-95.942970	41.258880
310699000	-102.433600	41.762700
311090023	-96.722530	40.865140
311090024	-96.748840	40.796130
311719000	-100.338700	41.888800
311739000	-96.431800	42.148700
320030020	-115.092220	36.245270
320030560	-115.110830	36.158610
320030561	-115.113930	36.163990
32003L445	-115.167000	36.167000
32003L446	-115.000000	36.016990
32003L447	-115.150000	36.099990
320079000	-115.426100	41.892600
32007M037	-115.425000	41.892500
320219000	-118.814600	38.951900
32021L452	-118.325840	37.973610
32023L432	-117.467000	38.983000
320310016	-119.807710	39.525080
320339000	-114.216100	39.005200
32033M028	-114.215840	39.005280
330074002	-71.225000	44.290550
330110020	-71.468050	43.000550
330111011	-71.523080	42.720370
330115001	-71.878610	42.861900
330131003	-71.462500	43.177220
330131006	-71.458270	43.132440
330150006	-70.754160	43.077500
330150013	-71.200000	43.000000
330150014	-70.748050	43.075270
330150015	-70.761940	43.082500
330190003	-72.338330	43.364440
340011004	-74.440270	39.360830
340019000	-74.449200	39.465000
340070003	-75.097220	39.922770
340071007	-75.049160	39.988880
340130010	-74.162220	40.720000
340130011	-74.144160	40.726660
340130012	-74.173880	40.717500
340171003	-74.053330	40.726110
340172002	-74.031940	40.773050
340210005	-74.746660	40.282770
340230006	-74.422500	40.472670
340230011	-74.429760	40.461860
340231003	-74.471380	40.472220
340273001	-74.676380	40.787500
340310002	-74.155830	40.837770
340330005	-75.490270	39.682770
340390004	-74.207770	40.641110
340390008	-74.441940	40.600830
340395001	-74.441940	40.600830
350010023	-106.585510	35.134260
350010029	-106.657340	35.017080
350011014	-106.649270	35.202200
350015010	-106.390080	35.035930
350039000	-108.235100	33.220400
350059000	-104.404200	33.459800
350130004	-106.560000	31.803880
350130017	-106.557500	31.795830
350139000	-106.484400	32.686900
350279000	-105.534900	33.468700
350281002	-106.298050	35.804160
350399000	-106.844700	36.013900
350430001	-106.544440	35.297220
350431003	-106.649440	35.238050
350539000	-106.852000	33.869500
350559000	-105.452000	36.585400
360010010	-73.761660	42.656380
360010012	-73.756890	42.680690
360050080	-73.920210	40.836080
360050083	-73.880750	40.865860
360050110	-73.902070	40.816160
360050133	-73.878203	40.867989
360059000	-73.902000	40.816130
360070004	-76.050830	42.098330
360290005	-78.809880	42.876840
360290010	-78.830550	42.858050
360290015	-78.881380	42.937770
360290017	-78.811940	42.931110
360291007	-78.849890	42.827280
360310003	-73.858920	44.393090
360310006	-73.387770	44.401110
360330003	-74.712500	44.989160
360470011	-73.947220	40.732770
360470052	-74.018350	40.641540
360470099	-73.940000	40.712220
360470118	-73.927780	40.694570
360470122	-73.947880	40.719800
360550008	-77.636660	43.170000
360550014	-77.560000	43.143330
360551006	-77.629160	43.203610
360551007	-77.548130	43.146190
360556001	-77.603570	43.161000
360590005	-73.585430	40.743200
360610010	-73.986110	40.739440
360610053	-73.974440	40.738610
360610056	-73.966510	40.759170
360610062	-74.004090	40.720520
360610069	-73.991380	40.751110
360610077	-73.976620	40.756240
360610134	-73.995600	40.713900
360632006	-78.996380	43.085830
360632008	-79.000990	43.082160
360673001	-76.214440	43.058050
360673003	-76.090830	43.072220
360673004	-76.089160	43.070830
360674001	-76.133770	43.050390
360710002	-74.009730	41.499470
360713001	-74.363430	41.461070
360713002	-74.353920	41.458870
360713003	-74.356940	41.450000
360713004	-74.368270	41.476330
360810097	-73.758610	40.755270
360810098	-73.847570	40.784200
360810124	-73.823170	40.736200
360830011	-73.430830	42.772500
360831003	-73.689130	42.731310
360850055	-74.137130	40.633020
360850066	-74.190830	40.590830
360850067	-74.126190	40.597330
360850088	-74.168050	40.590270
360850101	-74.128050	40.587500
360850102	-74.198050	40.543610
360850103	-74.205000	40.571660
360850104	-74.177770	40.575830
360850105	-74.199440	40.580550
360850106	-74.184300	40.578110
360850107	-74.183610	40.566940
360850108	-74.169440	40.568610
360850109	-74.158610	40.591110
360850111	-74.198720	40.579970
360850131	-74.168820	40.588060
360850132	-74.151580	40.580610
361010003	-77.210250	42.090710
361019000	-77.209900	42.091200
361030001	-73.420270	40.745830
361099000	-76.653400	42.400900
361191002	-73.769240	40.930060
361195003	-73.703330	41.045000
37001ALA1	-79.355556	36.067222
37001ALA2	-79.349167	36.072222
370110002	-81.934160	35.971660
370210003	-82.548610	35.598610
370210032	-82.520830	35.558330
370210034	-82.350830	35.609720
370210035	-82.558890	35.572220
370270003	-81.530270	35.935830
370330001	-79.467410	36.307030
370350004	-81.365550	35.728880
370370004	-79.159720	35.757220
37047BALL	-78.226111	34.340278
37047FLYN	-78.196389	34.339167
37047WACC	-78.477003	34.259608
370510004	-78.929440	35.031380
370510007	-78.929230	35.029400
370510009	-78.953110	35.041410
370570002	-80.262500	35.814440
370610002	-77.960780	34.954820
370630013	-78.904160	36.035550
370630014	-78.876700	35.892780
370650099	-77.582770	35.988330
370670022	-80.226660	36.110550
370671008	-80.143880	36.050830
370690001	-78.463710	36.096180
370770001	-78.768050	36.141110
370810009	-79.794440	36.075830
370810013	-79.801110	36.109160
370811011	-79.794730	36.088070
37081L845	-79.790000	36.070000
37081L846	-79.790000	36.070000
37081L847	-79.790000	36.070000
37081L852	-79.790000	36.070000
37081L853	-79.790000	36.070000
37081L855	-79.790000	36.070000
370870035	-82.792500	35.379160
37087CANT	-82.841111	31.531944
37087M022	-82.778330	35.391660
37087SITB	-82.833333	35.533333
370959000	-76.207500	35.451000
371010002	-78.461940	35.590830
371070004	-77.568790	35.231450
37109L242	-81.222870	35.484310
37109PAWL	-81.324219	35.527667
371190034	-80.766380	35.248610
371190035	-80.841380	35.244160
371190041	-80.785550	35.240270
371191009	-80.693610	35.348610
37119KENN	-80.955167	35.152589
37119L241	-80.939280	35.281570
37119L243	-80.844670	35.246910
37119L244	-80.939120	35.278940
37119L245	-80.944110	35.131850
37119L246	-80.941170	35.267540
37119L247	-80.862030	35.214060
37119L248	-80.935260	35.280380
37119L517	-80.764000	35.247000
37119MAT1	-80.692778	35.102778
37119MAT2	-80.692500	35.101944
37119MAT3	-80.698333	35.095000
37119MAT4	-80.868717	35.482917
37119PAWB	-80.933656	35.280242
37119PAWC	-80.939886	35.276772
37119PAWD	-80.933664	35.211197
37119PAWI	-80.936083	35.279922
37119PAWK	-80.956192	35.152592
37119PAWM	-80.941331	35.269047
37119SMIT	-80.868908	35.483036
37119WARR	-78.266667	36.683333
371210001	-82.073330	35.915270
371230001	-79.840000	35.260000
371290006	-77.956520	34.268400
371290010	-77.954700	34.235830
37135L463	-79.067000	35.917000
371470004	-77.368610	35.590550
371590021	-80.395030	35.551860
371590022	-80.667560	35.534480
37159SALA	-80.510055	35.686219
37159SALC	-80.510891	35.685050
37159SALR	-80.508572	35.681227
37173M035	-83.942220	35.632220
37177PHE1	-76.400556	35.783056
371830003	-78.643050	35.841110
371830011	-78.635190	35.774870
371830013	-78.674720	35.838880
371830014	-78.574160	35.856110
371830015	-78.619720	35.790020
371830016	-78.792500	35.596940
371830017	-78.535270	35.676380
371830019	-78.808330	35.708330
371870002	-76.744720	35.853050
371990003	-82.285220	35.737730
380057001	-99.006760	47.978660
380070002	-103.378530	46.894300
380070003	-103.356110	46.961940
380070108	-103.243050	47.141660
380070110	-103.076380	47.280550
380070111	-103.095550	47.296660
380130001	-102.408020	48.643000
380130004	-102.401800	48.641930
380150003	-100.768210	46.825420
380171004	-96.855350	46.933750
380530002	-103.299500	47.581200
380530101	-103.992770	47.596660
380530110	-103.993330	47.590550
380570004	-101.766940	47.298610
380570113	-101.845830	47.368050
381050104	-102.918050	48.396940
390170003	-84.353880	39.493610
390171004	-84.392500	39.530000
390350038	-81.681940	41.476940
390350054	-81.675340	41.480190
390350055	-81.674990	41.476030
390350056	-81.680270	41.472770
390350057	-81.679440	41.471940
390350058	-81.673050	41.471110
390350059	-81.677770	41.470550
390350060	-81.678540	41.493950
390350061	-81.675960	41.475060
390350062	-81.670830	41.473880
390350063	-81.674980	41.476350
390350067	-81.635070	41.388140
390350068	-81.634750	41.454790
390350069	-81.637930	41.519180
390350071	-81.670003	41.494325
390490034	-82.994440	40.002500
390490081	-82.959720	40.087770
390530003	-82.109090	38.949950
390610014	-84.478880	39.194160
390610040	-84.504160	39.128610
390610041	-84.513330	39.186660
390610042	-84.551110	39.105000
390770004	-82.600000	41.266110
390770005	-82.597770	41.265270
390770006	-82.596940	41.266110
390770007	-82.597220	41.266940
390810017	-80.615000	40.366100
390853002	-81.241940	41.722500
390870010	-82.665550	38.519720
390910004	-83.756380	40.345000
390910005	-83.760270	40.342770
390910006	-83.757770	40.341110
390910007	-83.754440	40.344720
390930016	-82.161660	41.439440
390933002	-82.114440	41.463050
390950006	-83.529160	41.648050
390950026	-83.641380	41.620550
390950081	-83.475000	41.719440
390990014	-80.658420	41.095860
391130019	-84.195000	39.813880
391130031	-84.144440	39.759440
391130032	-84.187770	39.760270
391130035	-84.210910	39.738550
391130036	-84.293400	39.747260
391219000	-81.337800	39.942800
391290004	-82.946110	39.572770
391290005	-82.947500	39.580270
391450013	-82.917500	38.754160
391450020	-82.822910	38.609230
391450021	-82.829790	38.600740
391450022	-82.834970	38.588020
391510017	-81.394440	40.786660
391510020	-81.373330	40.800550
391530017	-81.468610	41.063330
391530023	-81.541660	41.088050
391670008	-81.502500	39.433610
400319000	-98.713000	34.732300
400450890	-99.934930	36.085170
400710601	-97.072770	36.688330
400710602	-97.087500	36.704160
400710603	-97.088800	36.697790
400719010	-97.034360	36.956730
400979014	-95.250000	36.228400
401090018	-97.546110	35.479440
401090033	-97.494300	35.477200
401090045	-97.514440	35.395270
401091037	-97.472220	35.612770
401159005	-94.849200	36.985800
401159006	-94.824900	36.984600
401159007	-94.851800	36.971900
401159008	-94.825000	36.971600
401430131	-95.857500	36.119720
401430135	-96.003330	36.130830
401430138	-96.120000	36.137770
401430172	-95.994030	36.168310
401430175	-96.011730	36.151530
401430191	-95.983750	36.143320
401430235	-95.998880	36.128520
401430501	-96.015760	36.163160
401431127	-95.976530	36.204900
410050010	-121.783700	45.288800
410170120	-121.312570	44.063900
410290133	-122.879240	42.314070
410330010	-123.681080	42.104270
410358001	-122.139720	42.910000
410390060	-123.083730	44.026310
410390070	-122.043400	44.200000
410510015	-122.669440	45.521660
410510030	-122.674670	45.497420
410510080	-122.602220	45.496660
410510244	-122.698880	45.535000
410510246	-122.678780	45.561300
410610010	-118.512900	45.224900
410610119	-117.904790	45.338970
410630002	-116.843800	45.080000
410670111	-122.815850	45.470200
410711702	-123.158330	45.229160
420010001	-77.310000	39.920000
420019000	-77.307900	39.923200
420030002	-80.071940	40.500550
420030008	-79.961110	40.465550
420030021	-79.941380	40.413610
420030031	-79.990550	40.443330
420030041	-79.960550	40.439160
420030064	-79.868330	40.323610
420030069	-80.101660	40.362220
420030116	-80.077220	40.473610
420031007	-79.723050	40.616380
420032001	-79.863610	40.396660
420039000	-79.960730	40.465420
420070505	-80.325000	40.685000
420070507	-80.227770	40.591660
420110003	-75.764040	40.468330
420110005	-75.758900	40.466300
420110009	-75.926660	40.320270
420110010	-75.925220	40.392690
420110200	-75.909440	40.381110
420110201	-75.911380	40.378880
420110202	-75.915000	40.380830
420110203	-75.914720	40.381380
420110210	-75.764440	40.477220
420110211	-75.753610	40.474160
420110212	-75.769720	40.455000
420110213	-75.759440	40.476660
420110214	-75.775000	41.525000
420110716	-75.928610	40.403050
420110717	-75.759160	40.476660
420111717	-75.914440	40.377220
420170012	-74.882220	40.107220
420210804	-78.886660	40.346660
420210808	-78.882770	40.348050
420250105	-75.608330	40.803050
420270100	-77.877020	40.811380
420290100	-75.768610	39.834440
420430306	-76.877220	40.263050
420430401	-76.844720	40.245000
420450002	-75.372500	39.835550
420450109	-75.413970	39.818710
420490003	-80.038610	42.141750
420490602	-80.080550	42.120550
420692006	-75.623050	41.442770
420710007	-76.283330	40.046660
420710315	-76.335550	40.072500
420791207	-75.880270	41.248050
420850622	-80.502220	41.212220
420859000	-80.145300	41.426900
420910013	-75.309160	40.112220
420910104	-75.093880	40.149720
420910112	-75.304160	40.076940
420950022	-75.300830	40.740270
420950025	-75.341110	40.628050
420950725	-75.333050	40.617500
420951003	-75.500000	40.690000
420951004	-75.492220	40.688330
420958000	-75.237150	40.692220
420990301	-77.165550	40.456940
421010004	-75.097770	40.008880
421010014	-75.240550	40.050000
421010028	-75.118050	39.978610
421010030	-75.106660	39.989160
421010038	-75.075000	39.999720
421010047	-75.166110	39.944720
421010049	-75.084440	39.990000
421010055	-75.186780	39.922510
421010136	-75.222770	39.927500
421010149	-75.093050	39.968050
421010249	-75.086110	39.979440
421010449	-75.083050	39.982500
421010528	-75.116940	39.976380
421010549	-75.079720	39.985270
421010649	-75.085000	39.985000
421010728	-75.120550	39.977770
421011001	-75.002500	40.036380
421070001	-76.357220	40.779440
421070002	-76.343610	40.783880
421070003	-76.212220	40.820550
421255001	-80.420830	40.445270
421290007	-79.875000	40.166660
421290008	-79.505660	40.304690
421290512	-79.880550	40.161110
421330008	-76.699440	39.965270
421330322	-76.722500	39.963330
440030002	-71.719900	41.615600
440030011	-71.436350	41.736690
440030012	-71.414410	41.737960
440030013	-71.377520	41.705500
440030014	-71.441760	41.705490
440030015	-71.437550	41.715810
440070022	-71.415000	41.807940
440070024	-71.383480	41.783380
440070025	-71.416850	41.800070
440070026	-71.379940	41.874650
440070029	-71.437890	41.816430
440071010	-71.360940	41.840920
450010001	-82.386370	34.325310
450031001	-81.892330	33.432530
450070001	-82.652930	34.503770
450130001	-80.677020	32.436530
450130007	-80.677850	32.436530
450190001	-79.952450	32.783760
450190003	-79.977540	32.883940
450190019	-79.938850	32.826260
450190037	-79.966380	32.733880
450190046	-79.657170	32.942740
450190047	-79.948030	32.844600
450190049	-79.958690	32.790980
45019M023	-79.661110	32.941110
450250001	-80.198780	34.617110
450330001	-79.376510	34.420550
450370001	-81.853630	33.741690
450410001	-79.798850	34.197940
450410002	-79.850400	34.167630
450430001	-79.289460	33.377160
450430002	-79.297580	33.370540
450430006	-79.294250	33.363770
450430007	-79.298210	33.349730
450430008	-79.284770	33.381260
450430009	-79.285690	33.373990
450430010	-79.298400	33.369590
450438001	-79.297250	33.366380
450450008	-82.402910	34.840440
450450009	-82.313070	34.901040
450451002	-82.419300	34.871970
450452002	-82.229600	34.941650
450458001	-82.262920	34.937780
450458002	-82.258330	34.939720
450470001	-82.152230	34.181110
450470002	-82.160470	34.165200
450470003	-82.173140	34.214550
450490001	-81.115300	32.875570
450490002	-81.108250	32.881340
450510002	-78.877450	33.704590
450550001	-80.608950	34.249340
450590001	-82.021000	34.504290
450630002	-81.173540	34.070720
450630004	-81.102940	33.798430
450630005	-81.119770	33.785600
450630008	-81.154950	34.052800
450631002	-81.065320	33.969000
450738001	-82.949210	34.648990
450790003	-81.052430	34.007380
450790006	-81.023290	34.007390
450790007	-80.962300	34.095830
450790013	-81.041700	34.014440
450790014	-81.019660	33.984960
450790019	-81.024140	33.993290
450790020	-81.034170	34.017320
450790021	-80.781130	33.816540
450791002	-80.876000	34.132620
450791003	-81.036250	34.026300
450791006	-80.826590	33.817900
450830001	-81.932540	34.947730
450830004	-81.897770	34.939160
450830007	-81.974060	34.883730
450830008	-81.965820	34.879310
450850001	-80.337730	33.924220
450910005	-81.000840	34.963020
450910006	-81.228400	34.935810
460330003	-103.584730	43.768680
460330132	-103.483900	43.557800
460710001	-101.941210	43.745610
460990006	-96.726430	43.544280
460990007	-96.682000	43.537620
470090101	-83.943610	35.631380
470370006	-86.793610	36.176660
470370010	-86.807770	36.152220
470370011	-86.744720	36.205000
470370023	-86.738900	36.176320
470370035	-86.791660	36.160270
47037L321	-86.779990	36.160000
470430008	-87.342770	36.047770
470430010	-87.352380	36.059900
47043L331	-87.379990	36.250000
470470101	-89.546380	35.043610
470470102	-89.548050	35.049440
470470104	-89.551110	35.048330
47055L330	-86.900000	35.279990
47055L334	-87.196110	35.181940
470654002	-85.126300	35.050920
47065CAT1	-85.309500	34.989667
47065CAT2	-85.312833	35.005500
47065CAT4	-85.309667	35.032167
47065CAT5	-85.203333	35.007833
47065CAT6	-85.155500	35.010000
47065CAT7	-85.249167	35.099333
47065L523	-85.333000	35.049990
470930022	-83.911110	35.969160
470930027	-83.952220	35.983050
470931017	-83.954440	35.975000
470931020	-83.873610	36.019440
470990002	-87.470000	35.116110
471050108	-84.317400	35.744700
471050109	-84.341660	35.720830
471130005	-88.798880	35.725550
471190105	-86.953050	35.731110
471251009	-87.327770	36.514440
471450104	-84.689720	35.873050
471451007	-84.698050	35.868880
47149L329	-86.510000	36.060000
47155L322	-83.610000	35.700000
471570014	-89.949440	35.085830
471570024	-90.041380	35.150830
471570038	-89.930270	35.184160
471570043	-90.025270	35.087770
471570044	-90.072500	35.087500
471570045	-90.071660	35.086380
471570047	-90.021560	35.168950
47157L505	-90.042000	35.133990
471631001	-82.532770	36.535830
471631007	-82.521660	36.540650
471633001	-82.273330	36.525550
471633002	-82.268050	36.524720
471633003	-82.268330	36.528050
471650007	-86.652770	36.297770
47165L326	-86.603500	36.293960
471670102	-89.645000	35.554160
471670103	-89.648330	35.546660
471870100	-86.660270	35.802220
471870102	-86.660270	35.802220
471870104	-86.658610	35.801660
471871101	-86.665000	35.799440
480290034	-98.484720	29.415270
480290044	-98.473050	29.518880
480290050	-98.478330	29.530270
480290051	-98.405550	29.444440
480290677	-98.580556	29.423889
480370099	-94.038610	33.192770
480391003	-95.398330	29.011110
48039L359	-95.359440	28.953890
48039L417	-95.359440	28.953890
48039L532	-95.391990	29.007990
480430002	-103.649100	30.365800
480430101	-103.167820	29.302500
48043M061	-103.191670	29.308330
48053L362	-98.233000	30.767000
480610006	-97.493820	25.892500
480612004	-97.166660	26.073330
480651001	-101.621940	35.182500
480670099	-94.029160	33.121660
48071L464	-94.623000	29.716990
480850001	-96.822770	33.145000
480850002	-96.827500	33.138880
480850003	-96.824720	33.142500
480850006	-96.825000	33.134440
480850007	-96.825550	33.147220
480850008	-96.828880	33.147500
480850009	-96.828880	33.144720
481099000	-104.809400	31.833000
48109M054	-104.801670	31.833330
481130018	-96.782500	32.745550
481130029	-96.808610	32.865000
481130045	-96.808050	32.919720
481130046	-96.765830	32.770270
481130050	-96.797770	32.774160
481130057	-96.873050	32.778900
481130060	-96.781660	32.736110
481130061	-96.877770	32.785550
481130064	-96.779720	32.737770
481130065	-96.782220	32.737500
481130066	-96.782770	32.739720
481130069	-96.860080	32.819950
481130070	-96.929440	32.764720
481130071	-96.916110	32.921660
481130073	-96.869720	32.809720
481130074	-96.666110	32.906660
481131006	-96.669160	32.910550
481131047	-96.552770	32.773610
48113L363	-96.949990	32.783000
48113L528	-96.863990	32.826000
48113L656	-96.800000	32.783330
481210034	-97.193330	33.191660
481350003	-102.341970	31.826570
481350004	-102.308330	31.826380
481351014	-102.334770	31.870230
481390007	-96.991380	32.531660
481390012	-97.037220	32.462220
481390015	-97.025000	32.436940
481390016	-97.027500	32.481940
481390017	-97.042500	32.473610
481410001	-106.483330	31.760830
481410002	-106.482910	31.757640
481410010	-106.412500	31.899720
481410027	-106.486710	31.763070
481410028	-106.403880	31.753610
481410033	-106.501660	31.776940
481410037	-106.501190	31.768270
481410041	-106.500440	31.760530
481410044	-106.455220	31.765670
481410047	-106.413140	31.775950
481410053	-106.501040	31.758510
481410054	-106.355830	31.703610
481410055	-106.402800	31.746750
481410058	-106.425810	31.893920
481419001	-106.322800	31.686900
48141L389	-106.500000	31.799990
48141L512	-106.483000	31.785990
48141L651	-106.486390	31.758610
481670005	-94.931520	29.358230
481670014	-94.856560	29.263310
481670053	-94.919440	29.390000
481671002	-94.933330	29.398610
481671034	-94.861111	29.254444
48167L515	-94.932990	29.399000
481830001	-94.711830	32.378710
482010024	-95.326940	29.901110
482010026	-95.125550	29.802500
482010029	-95.675000	30.039440
482010030	-95.128610	29.854160
482010036	-95.105000	29.776111
482010045	-95.493880	29.834440
482010048	-95.382770	29.856660
482010054	-95.307500	29.775830
482010055	-95.499230	29.695730
482010057	-95.238140	29.734250
482010058	-95.031210	29.770680
482010061	-95.018130	29.614980
482010064	-95.268880	29.699440
482010069	-95.261120	29.706250
482010307	-95.259870	29.718840
482010803	-95.181110	29.748330
482010807	-95.017500	29.768880
482011015	-95.077990	29.764590
482011034	-95.220570	29.767990
482011035	-95.257590	29.733710
482011037	-95.361380	29.751110
482011039	-95.128480	29.670040
482011041	-95.083610	29.751660
482016000	-95.253570	29.684340
482019000	-95.128540	29.669800
48201L347	-95.150810	29.751880
48201L349	-95.327000	29.750000
48201L350	-95.327000	29.841990
48201L352	-95.327000	29.700000
48201L370	-95.121000	29.691000
48201L384	-95.417000	29.750000
48201L399	-95.212990	29.715000
48201L402	-95.417000	29.750000
48201L404	-95.121000	29.691000
48201L406	-95.015990	29.659000
48201L411	-95.372000	29.933000
48201L414	-95.461990	29.778000
48201L415	-95.417000	29.750000
48201L422	-95.212990	29.715000
48201L450	-95.250000	29.783000
48201L465	-95.524000	29.746000
48201L466	-95.397000	29.884000
48201L467	-95.363050	29.763050
48201L534	-95.222000	29.771000
48201L537	-95.250000	29.783000
48201L550	-95.363050	29.763050
48201L552	-95.123610	29.705000
48201L618	-95.099990	29.700000
48201L620	-95.300000	29.799990
48201L623	-95.199990	29.700000
48201L625	-95.199990	29.700000
48201L654	-95.363050	29.763050
482030002	-94.167440	32.669000
482150042	-98.183100	26.309850
482150043	-98.291060	26.226230
482311006	-96.115510	33.153110
482430004	-104.024630	30.669380
482450009	-94.071110	30.036380
482450011	-93.987890	29.894050
482450014	-93.896380	29.961380
482450017	-93.953330	29.990830
482450018	-94.002500	29.944160
482450019	-93.979260	29.893860
482450020	-94.077220	30.066940
482450021	-93.908880	29.922770
482450022	-94.317750	29.863950
482451010	-94.095550	30.096940
482451035	-94.011111	29.978611
482454007	-93.954160	29.986660
48245L462	-94.099990	30.066990
48245L521	-94.074990	30.039000
48245L616	-94.099990	30.100000
48245L617	-94.099990	30.100000
48245L619	-93.980000	30.000000
48245L622	-94.099990	30.100000
48245L624	-93.970000	29.969990
48245L660	-94.101660	30.085830
482570002	-96.318880	32.725000
482570003	-96.276660	32.724440
482570005	-96.315830	32.569160
482730314	-97.298610	27.426940
483030001	-101.847590	33.590850
48309L351	-97.467000	31.533000
483390078	-95.425130	30.350300
483390089	-95.421660	30.353880
483550020	-97.454160	27.806940
483550029	-97.435800	27.807500
483550030	-97.434440	27.807770
483550031	-97.478330	27.805550
483550032	-97.431700	27.804400
483550034	-97.465630	27.811800
483611001	-93.761660	30.084440
483611100	-93.873050	30.180000
48361L524	-93.764000	30.058000
484230005	-95.183330	32.492220
484390023	-97.321940	32.695270
484390057	-97.093610	32.706940
484391002	-97.356380	32.805000
484391003	-97.328050	32.759720
484393002	-97.069720	32.943610
484393004	-97.043880	32.923610
484393005	-97.043610	32.926110
484393009	-97.063610	32.984160
484393011	-97.088890	32.656390
48439L531	-97.357000	32.805000
484530016	-97.709440	30.265270
484530017	-97.746110	30.264160
484530020	-97.872260	30.483150
484530021	-97.712880	30.263230
484537000	-97.713100	30.263200
484537001	-97.760200	30.354400
484537002	-97.744400	30.232200
484537003	-97.728500	30.392600
484790016	-99.519720	27.510830
484790017	-99.503050	27.501660
484917004	-97.684900	30.532600
48501L364	-102.833000	32.966990
48501L365	-102.833000	32.966990
48501L366	-102.833000	32.966990
48501L367	-102.833000	32.966990
48501L368	-102.833000	32.966990
48501L369	-102.833000	32.966990
490110001	-111.882220	40.886380
490110004	-111.884460	40.902960
490170101	-112.173600	37.618400
490350010	-111.898050	40.758330
490351001	-112.094720	40.708610
490353001	-111.885550	40.755270
490353006	-111.872220	40.736380
490353007	-111.968610	40.704440
490379000	-109.821000	38.458700
490494001	-111.713610	40.341380
490499000	-111.708100	40.444900
490530130	-113.150600	37.198300
490539000	-113.224300	37.459100
490559000	-111.292600	38.302200
500038001	-73.126800	43.148200
500050002	-72.010830	44.539440
500070003	-73.211940	44.478880
500070007	-72.868840	44.528390
500070012	-73.214440	44.480270
500070014	-73.210600	44.476200
500210002	-72.982770	43.608050
500230003	-72.504440	44.200830
500233001	-72.497220	44.195270
500250004	-72.554160	42.888880
510130020	-77.059160	38.857500
510330001	-77.377220	38.203050
510590018	-77.077500	38.742500
510590019	-77.255000	38.708610
510590029	-77.238880	38.691940
510590030	-77.105550	38.772770
510593002	-77.182500	38.783610
510596001	-77.313610	38.995830
510690011	-78.199520	39.131770
510690012	-78.090220	39.256630
510870014	-77.400270	37.558330
511139000	-78.434800	38.522900
511390004	-78.504720	38.663330
511639000	-79.512500	37.626600
511639001	-79.483300	37.616700
515100004	-77.122220	38.807500
515200006	-82.164440	36.607770
515500010	-76.272500	36.800270
515500012	-76.272500	36.803880
516100004	-77.189440	38.893610
516500004	-76.399160	37.003330
517100019	-76.278610	36.853330
517100024	-76.301660	36.857770
517600020	-77.498330	37.510550
517700014	-79.985000	37.256110
518100008	-76.181380	36.841110
518400002	-78.163050	39.185550
530090020	-122.972700	48.006500
530110011	-122.516660	45.616660
530110013	-122.586940	45.648330
530110030	-122.681230	45.641680
530150006	-122.945830	46.119440
530330010	-122.044440	47.551940
530330011	-122.318880	47.670000
530330020	-122.299440	47.468330
530330024	-122.277220	47.753330
530330026	-122.195000	47.618050
530330032	-122.322220	47.545550
530330038	-122.313340	47.688860
530330048	-122.329710	47.618460
530330057	-122.338330	47.563330
530330065	-122.351110	47.580830
530330080	-122.308590	47.570270
530370004	-121.425900	47.400000
530390010	-121.400000	45.750000
530390011	-121.000800	45.664400
530410007	-121.386860	46.624340
530470012	-119.927500	48.387700
530530014	-121.738330	46.784720
530530023	-122.509440	47.300000
530530029	-122.449720	47.188330
530630016	-117.357220	47.660830
530630050	-117.370300	47.695447
530630051	-117.800000	47.800000
530630052	-117.429090	47.665122
530630053	-117.304800	47.682200
530730016	-122.475830	48.763050
530730020	-122.558600	48.953300
530730022	-121.064600	48.731600
540030002	-77.958330	39.465550
540110003	-82.447500	38.419720
540290007	-80.576760	40.460160
540290008	-80.560130	40.615730
540290015	-80.540790	40.618340
540291002	-80.588610	40.400550
540331001	-80.316380	39.249720
540390004	-81.619440	38.343880
540390010	-81.628420	38.345620
540390011	-81.683880	38.448610
540391005	-81.693610	38.368050
540392002	-81.846380	38.416940
540490003	-80.137220	39.501380
540511002	-80.734050	39.915970
540610001	-79.955830	39.623880
540610003	-79.921110	39.649440
540690008	-80.720500	40.063830
540690010	-80.700890	40.114700
540890001	-80.706660	37.773050
540939000	-79.426100	39.105300
540990001	-82.585000	38.371660
540990002	-82.583920	38.391860
541070003	-81.546940	39.250270
550090021	-88.018330	44.513050
550090023	-87.991380	44.534720
550250025	-89.376660	43.081940
550250041	-89.357220	43.100830
550270007	-88.527770	43.435000
550310034	-92.106940	46.728050
550410007	-88.808590	45.564980
550590019	-87.809300	42.504720
550710007	-87.616110	44.138610
550710011	-87.658900	44.087600
550790010	-87.933330	43.016660
550790026	-87.912500	43.061110
550790041	-87.884440	43.075270
550790064	-87.918050	43.016940
550790099	-87.920550	43.039720
550790127	-87.922220	43.035000
550890009	-87.810000	43.498050
551198001	-90.600000	45.203880
551250001	-89.653610	46.048050
551330018	-88.219720	43.018880
551330027	-88.215000	43.020270
551350004	-89.050830	44.352880
551410013	-89.834160	44.391660
551410016	-89.819160	44.382500
560019000	-106.241800	41.366200
560050123	-105.290280	44.672050
560199000	-106.956500	44.333500
560299002	-109.381600	44.744800
560359000	-109.757900	42.974900
560399000	-110.400200	44.565300
560399001	-110.400300	44.565400
720170003	-66.580550	18.436110
720210006	-66.150830	18.416660
720610001	-66.116380	18.424720
720610005	-66.115000	18.439440
721270003	-66.053050	18.449160
721270004	-66.052770	18.403880
721270007	-66.059720	18.423330
721370001	-66.181660	18.449160
780100012	-64.785270	17.714440
780209000	-64.796200	18.336300
