Date Time,Temp Mod (K),Temp Obs (K),Temp Mod2 (K),Q Mod (g/kg),Q Obs (g/kg),WS Mod (m/s),WS Obs (m/s),WD Mod (Deg),WD Obs (Deg)
2011-07-01 00:00:00,304.169,303.15,304.169,8.428,10.176,3.05115863238869,2.57237186269793,339.610990988423,8.51754935287025
2011-07-01 01:00:00,301.573,301.15,301.573,8.523,10.172,2.08951860484658,NA,350.690947017524,NA
2011-07-01 02:00:00,299.319,298.15,299.319,8.736,10.865,2.10356292988824,2.05804105887128,13.0783198130767,48.5259876818531
2011-07-01 03:00:00,297.756,296.15,297.756,8.65,10.862,2.18621911070231,NA,20.7063469892831,NA
2011-07-01 04:00:00,296.46,296.15,296.46,8.685,10.862,1.96288690453628,NA,17.9826474088467,NA
2011-07-01 05:00:00,295.378,295.15,295.378,8.79,10.165,1.831714497404,NA,15.7434543571415,NA
2011-07-01 06:00:00,294.493,296.15,294.493,8.828,10.169,1.72400986076066,1.54334215260259,16.9634542451919,118.524536801124
2011-07-01 07:00:00,293.726,294.15,293.726,8.885,10.869,1.57077846942209,NA,11.9036869332177,NA
2011-07-01 08:00:00,293.046,294.15,293.046,8.983,10.869,1.38401878599967,2.0582490131177,7.55634405643946,348.50990988018
2011-07-01 09:00:00,292.489,292.15,292.489,9.046,10.865,1.34475313719656,NA,1.9176690854068,NA
2011-07-01 10:00:00,292,291.15,292,9.049,10.858,1.46523240477407,NA,354.713524071396,NA
2011-07-01 11:00:00,292.296,292.15,292.296,9.353,11.601,1.45063744609051,NA,358.301381601472,NA
2011-07-01 12:00:00,294.403,296.15,294.403,9.768,12.387,1.82526710374126,NA,2.13503810605772,NA
2011-07-01 13:00:00,297.262,298.15,297.262,10.261,12.382,1.89106768784198,NA,359.515224433301,NA
2011-07-01 14:00:00,300.415,301.15,300.415,10.361,11.593,1.99807757607156,NA,352.956788979383,NA
2011-07-01 15:00:00,303.111,303.15,303.111,8.891,10.155,2.25827832651336,2.57237186269793,348.635334275182,8.51754935287025
2011-07-01 16:00:00,304.634,304.15,304.634,8.354,10.155,2.60672764208308,2.0582490131177,343.393388949987,78.5099098801795
2011-07-01 17:00:00,305.59,304.15,305.59,8.271,9.503,2.93990067859443,NA,339.074427446035,NA
2011-07-01 18:00:00,306.198,305.15,306.198,8.254,8.887,3.2078642427634,NA,339.412597636266,NA
2011-07-01 19:00:00,306.593,306.15,306.593,8.266,9.51,3.32584680946071,NA,339.935942343277,NA
2011-07-01 20:00:00,306.747,307.15,306.747,8.283,7.242,3.60120452071248,4.11507630548936,341.494613829951,18.5186050925882
2011-07-01 21:00:00,306.559,307.15,306.559,8.299,7.244,3.84420004682379,3.08641669254169,342.045804085792,328.514113676373
2011-07-01 22:00:00,306.016,307.15,306.016,8.361,7.244,3.88805928452744,NA,341.821354296516,NA
2011-07-01 23:00:00,305.024,305.15,305.024,8.676,9.51,3.62156016103557,3.08701441525627,343.756881696453,8.51332844288146
2011-07-02 00:00:00,303.286,304.15,303.286,9.965,10.165,2.38008403212996,NA,348.463453890849,NA
2011-07-02 01:00:00,300.738,301.15,300.738,10.564,10.158,1.90760635352265,2.05747126346882,5.44460347898692,28.5082252571017
2011-07-02 02:00:00,298.659,299.15,298.659,10.933,10.851,2.05101048266458,NA,24.7907493076716,NA
2011-07-02 03:00:00,297.154,298.15,297.154,10.921,11.586,2.07551873034189,2.57234231781075,37.4827519369124,48.5144397487999
2011-07-02 04:00:00,296.018,298.15,296.018,10.83,10.843,2.01250316769937,NA,47.6784336573719,NA
2011-07-02 05:00:00,295.145,297.15,295.145,10.735,10.847,1.88954703566754,3.08647193410211,67.2075298224437,128.514851371868
2011-07-02 06:00:00,294.479,295.15,294.479,10.68,11.597,1.76772000045256,NA,73.7384988017574,NA
2011-07-02 07:00:00,293.857,295.15,293.857,10.741,12.382,1.18887383687253,NA,79.7770538524272,NA
2011-07-02 08:00:00,293.38,294.15,293.38,10.947,12.382,0.467487967759599,NA,43.8732993628167,NA
2011-07-02 09:00:00,292.951,293.15,292.951,10.983,12.378,0.984402864684983,NA,5.42101822760569,NA
2011-07-02 10:00:00,292.565,292.15,292.565,11.088,11.586,1.02626702178332,NA,7.27736154816935,NA
2011-07-02 11:00:00,292.932,292.15,292.932,11.538,12.366,0.760564264214405,NA,8.08748742745621,NA
2011-07-02 12:00:00,295.212,295.15,295.212,12.081,13.193,0.65882698791109,NA,357.128908989143,NA
2011-07-02 13:00:00,298.122,299.15,298.122,11.98,13.193,0.906982359255129,NA,353.415641671409,NA
2011-07-02 14:00:00,301.142,302.15,301.142,11.659,13.198,1.02803939613227,NA,359.498396068614,NA
2011-07-02 15:00:00,304.196,304.15,304.196,10.093,10.836,0.903416293853504,NA,12.7902105804561,NA
2011-07-02 16:00:00,306.048,306.15,306.048,8.933,9.484,0.921095000529261,NA,347.714083919003,NA
2011-07-02 17:00:00,306.951,305.15,306.951,8.904,8.866,1.84004483641024,NA,336.388451980768,NA
2011-07-02 18:00:00,307.408,306.15,307.408,8.974,7.23,2.37202972156759,4.63038335346006,334.558463306715,48.5195723951545
2011-07-02 19:00:00,307.532,307.15,307.532,9.053,7.232,2.78368838054837,2.5724667150422,335.847333873828,78.5197138767845
2011-07-02 20:00:00,307.276,306.15,307.276,9.139,8.878,3.02601933239033,NA,335.247340809595,NA
2011-07-02 21:00:00,306.914,308.15,306.914,9.233,8.887,2.94856744877915,NA,332.991747476988,NA
2011-07-02 22:00:00,306.241,307.15,306.241,9.515,8.887,2.76873057555263,3.60081338033506,330.509228772988,208.515216536717
2011-07-02 23:00:00,305.043,306.15,305.043,11.148,9.507,1.97384624527849,NA,340.619540910301,NA
2011-07-03 00:00:00,303.132,305.15,303.132,13.568,9.507,1.24876018514365,1.54334215260259,16.2290048570852,28.524536801124
2011-07-03 01:00:00,301.099,301.15,301.099,13.289,10.865,1.65681622396692,2.05809159174221,54.9286542080213,158.508769453173
2011-07-03 02:00:00,299.606,301.15,299.606,12.955,11.609,1.78191273635944,NA,84.2670107023393,NA
2011-07-03 03:00:00,298.567,299.15,298.567,12.639,11.609,1.67063490924858,NA,108.315650571198,NA
2011-07-03 04:00:00,297.865,297.15,297.865,12.242,12.395,1.89403194270846,2.57234231781075,151.594753566529,228.5144397488
2011-07-03 05:00:00,297.786,299.15,297.786,12.555,14.124,3.21583892631456,3.60169029762416,196.95863837784,218.518196391194
2011-07-03 06:00:00,297.622,298.15,297.622,13.008,14.124,3.37375310299968,4.11550349289124,208.638922544654,218.518482430036
2011-07-03 07:00:00,297.335,296.15,297.335,13.108,14.129,3.08693067625433,2.57234231781075,218.674301772832,228.5144397488
2011-07-03 08:00:00,296.979,296.15,296.979,13.146,14.134,2.818649499317,3.08647193410211,222.713985844773,218.514851371868
2011-07-03 09:00:00,296.472,296.15,296.472,13.217,14.134,2.59578986052415,3.08647193410211,224.953176981674,218.514851371868
2011-07-03 10:00:00,295.993,295.15,295.993,13.324,14.134,2.46769629411725,4.11541990567184,223.735723998212,208.520459388195
2011-07-03 11:00:00,296.073,296.15,296.073,13.662,14.129,2.49613160710729,3.60103165773366,221.93090971113,228.523699274317
2011-07-03 12:00:00,297.39,297.15,297.39,14.14,15.064,3.41649308502154,4.63038335346006,228.429132249473,228.519572395154
2011-07-03 13:00:00,299.225,299.15,299.225,14.759,16.066,3.62869962934382,4.11550349289124,231.276077709088,218.518482430036
2011-07-03 14:00:00,301.291,300.15,301.291,15.327,16.066,3.65767863541892,3.08664364642244,230.491264399785,228.506740084374
2011-07-03 15:00:00,303.415,302.15,303.415,15.424,16.072,3.85511154183637,3.60169029762416,232.196709358311,218.518196391194
2011-07-03 16:00:00,305.439,305.15,305.439,14.257,16.077,4.48823573355946,3.60169029762416,233.717337998169,218.518196391194
2011-07-03 17:00:00,306.662,306.15,306.662,13.997,16.083,4.83890648804045,2.57234231781075,238.142719462774,228.5144397488
2011-07-03 18:00:00,307.385,308.15,307.385,14.157,14.143,4.71164005416373,5.14468463562151,239.603509877784,228.5144397488
2011-07-03 19:00:00,307.632,306.15,307.632,14.137,13.261,4.78918886660361,4.62973573759885,238.125234862927,258.512892172367
2011-07-03 20:00:00,307.374,306.15,307.374,14.294,16.105,5.52886941426545,2.57265874145795,235.21767625639,218.513725723575
2011-07-03 21:00:00,307.054,308.15,307.054,14.52,13.274,5.02368201621082,4.63038335346006,236.537684607694,228.519572395154
2011-07-03 22:00:00,306.647,308.15,306.647,14.712,13.279,4.44010022409405,4.11550349289124,236.370774992954,218.518482430036
2011-07-03 23:00:00,305.876,306.15,305.876,15.18,13.279,3.67708825023278,3.60120104964996,229.522081817042,268.520188160307
2011-07-04 00:00:00,304.501,305.15,304.501,15.489,13.279,2.85442989053856,4.11507630548936,221.221802292838,198.518605092588
2011-07-04 01:00:00,302.757,304.15,302.757,15.366,14.168,2.29056434094308,4.62989643512682,212.212197562871,198.52495646207
2011-07-04 02:00:00,301.291,303.15,301.291,15.693,14.163,2.24594857465615,3.08647193410211,208.219548931655,218.514851371868
2011-07-04 03:00:00,300.218,302.15,300.218,15.961,13.265,2.25579077043949,NA,206.201561814085,NA
2011-07-04 04:00:00,299.33,302.15,299.33,16.047,13.261,2.79099570046247,3.60152203936058,184.850587730722,198.520472356887
2011-07-04 05:00:00,298.722,301.15,298.722,15.403,13.265,3.48674705133596,5.14439889588667,193.027871717283,198.519476589746
2011-07-04 06:00:00,298.294,300.15,298.294,14.953,13.265,3.72821686600981,4.11507630548936,201.658719689417,198.518605092588
2011-07-04 07:00:00,297.906,300.15,297.906,14.578,14.158,3.69207597429955,5.65876205543227,205.801615349716,208.521571441181
2011-07-04 08:00:00,297.584,300.15,297.584,14.287,13.265,3.60337411324442,5.14415551864443,209.019082851605,208.518012789051
2011-07-04 09:00:00,297.297,299.15,297.297,14.057,13.261,3.52509687810137,5.14453506159692,211.426483622452,218.520660889117
2011-07-04 10:00:00,297.013,297.15,297.013,13.894,12.412,3.41909008363336,4.11533291484419,212.737240006559,228.5167670755
2011-07-04 11:00:00,297.115,297.15,297.115,14.025,12.408,3.47941431853121,5.14453506159692,214.48477625546,218.520660889117
2011-07-04 12:00:00,298.274,299.15,298.274,14.289,12.408,4.23386466481866,5.14453506159692,220.133051190479,218.520660889117
2011-07-04 13:00:00,299.987,300.15,299.987,14.733,13.247,4.3543672330202,5.65913067528927,224.92556577164,218.514339648586
2011-07-04 14:00:00,301.881,302.15,301.881,15.274,14.143,4.23552086525376,5.14453506159692,227.325017785027,218.520660889117
2011-07-04 15:00:00,303.815,304.15,303.815,15.619,14.143,4.1371034553175,5.14439743799019,227.948964279538,248.51709245055
2011-07-04 16:00:00,305.725,306.15,305.725,15.433,14.153,4.0673187728527,5.65913067528927,228.388687826305,218.514339648586
2011-07-04 17:00:00,307.373,307.15,307.373,14.623,14.158,3.90562799047733,5.65907271556039,227.531908120203,228.524531501946
2011-07-04 18:00:00,308.382,308.15,308.382,14.214,14.168,4.09667243015597,5.14453506159692,228.1167441705,218.520660889117
2011-07-04 19:00:00,308.885,309.15,308.885,14.026,14.182,4.16419788194557,4.11541990567184,229.362888035523,208.520459388195
2011-07-04 20:00:00,304.465,310.15,304.465,19.576,14.192,2.54640943290744,6.1737214870773,234.57479494733,198.520057483671
2011-07-04 21:00:00,303.976,307.15,303.976,22.014,14.197,1.26585070209721,4.62989643512682,241.552096488134,198.52495646207
2011-07-04 22:00:00,301.536,297.15,301.536,22.681,14.192,1.47410990092327,4.62945882366395,265.720536469755,338.522642610365
2011-07-04 23:00:00,300.939,297.15,300.939,22.204,14.192,1.34642823796889,4.62955548622111,92.6392753976219,358.514703258482
2011-07-05 00:00:00,299.857,295.15,299.857,21.481,15.095,1.17937356253225,3.08641669254169,117.195127258275,328.514113676373
2011-07-05 01:00:00,298.585,295.15,298.585,20.027,16.105,2.35787743532186,3.60169029762416,98.6593309474453,38.5181963911939
2011-07-05 02:00:00,297.459,295.15,297.459,18.949,16.099,2.29054578648845,1.54299060269335,110.175445230817,138.520646996059
2011-07-05 03:00:00,296.978,295.15,296.978,18.47,16.105,1.67280034672402,NA,138.611081975979,NA
2011-07-05 04:00:00,296.769,295.15,296.769,18.171,15.09,1.62610362523426,NA,158.99031596584,NA
2011-07-05 05:00:00,296.555,295.15,296.555,17.91,15.095,1.19413776424666,NA,163.006627453071,NA
2011-07-05 06:00:00,296.394,295.15,296.394,17.63,15.09,1.15657598107517,NA,195.959005349482,NA
2011-07-05 07:00:00,296.236,294.15,296.236,17.414,14.148,1.14749858387712,NA,219.377235261905,NA
2011-07-05 08:00:00,295.999,294.15,295.999,17.23,15.095,0.897472562254691,NA,221.612332423682,NA
2011-07-05 09:00:00,295.781,295.15,295.781,17.101,15.1,0.5183483384752,NA,231.029461429497,NA
2011-07-05 10:00:00,295.611,294.15,295.611,17.037,15.1,0.270135151359463,NA,295.901056969228,NA
2011-07-05 11:00:00,295.848,294.15,295.848,16.716,15.09,0.728276046564762,NA,354.563397434557,NA
2011-07-05 12:00:00,296.34,296.15,296.34,16.457,16.088,1.50656463518828,NA,8.24304798555065,NA
2011-07-05 13:00:00,297.031,297.15,297.031,16.289,15.079,1.40119413358749,1.543086841367,14.5916291628604,278.53443759248
2011-07-05 14:00:00,297.923,298.15,297.923,16.396,16.072,0.957424148431613,NA,7.13986173774256,NA
2011-07-05 15:00:00,298.884,300.15,298.884,16.624,16.077,0.696175983498425,NA,342.788355328235,NA
2011-07-05 16:00:00,299.881,302.15,299.881,16.886,16.083,0.67213242742781,2.57219944794334,313.070766332892,198.519476589746
2011-07-05 17:00:00,301.485,302.15,301.485,16.572,14.139,0.976825982455422,1.54299060269335,297.430718233495,318.520646996059
2011-07-05 18:00:00,302.538,304.15,302.538,16.362,16.094,1.28652244442139,NA,302.751281505999,NA
2011-07-05 19:00:00,303.274,306.15,303.274,16.263,15.095,1.73316646632688,4.11550349289124,310.647908636452,218.518482430036
2011-07-05 20:00:00,303.447,305.15,303.447,16.267,14.153,2.14660685734487,NA,320.652375281993,NA
2011-07-05 21:00:00,303.969,306.15,303.969,16.252,15.11,2.54018975669142,2.57234231781075,328.161980051758,228.5144397488
2011-07-05 22:00:00,303.814,305.15,303.814,16.126,15.115,2.24142320858869,3.08701441525627,341.613552107519,8.51332844288146
2011-07-05 23:00:00,303.383,305.15,303.383,16.061,14.163,1.93206625145206,NA,350.947204980455,NA
2011-07-06 00:00:00,302.518,304.15,302.518,16.251,14.153,1.35049657533812,4.63010118679927,10.2365423729537,188.520363548381
2011-07-06 01:00:00,301.009,300.15,301.009,16.917,14.148,0.805012422264402,3.08668430520518,63.9124026002316,118.524536801124
2011-07-06 02:00:00,299.738,298.15,299.738,17.351,14.139,1.07637772180587,1.54334215260259,83.759739234296,118.524536801124
2011-07-06 03:00:00,298.692,299.15,298.692,17.905,15.079,1.38371817939926,5.1449334300844,159.967366390338,168.519713876785
2011-07-06 04:00:00,298.018,298.15,298.018,18.339,16.077,1.13272459141664,4.11550349289124,164.58960856185,218.518482430036
2011-07-06 05:00:00,297.867,298.15,297.867,18.955,16.072,2.16316249967495,2.05769701365386,193.201087175706,198.531806510685
2011-07-06 06:00:00,297.466,297.15,297.466,18.573,16.077,2.32823216196324,3.60103165773366,213.027994230224,228.523699274317
2011-07-06 07:00:00,296.867,296.15,296.867,17.343,17.147,1.68930311075307,2.57234231781075,225.311778058564,228.5144397488
2011-07-06 08:00:00,296.371,296.15,296.371,16.77,18.289,1.62879495333206,1.54320834627085,202.297860320763,238.514113676373
2011-07-06 09:00:00,295.977,296.15,295.977,16.091,17.153,1.27263034695861,2.05747126346882,208.53859744413,208.508225257102
2011-07-06 10:00:00,295.793,296.15,295.793,16.107,17.147,1.15632867299916,1.54315294122132,195.550634362841,158.522642610365
2011-07-06 11:00:00,295.781,296.15,295.781,16.269,17.135,1.32984359982669,NA,176.982683543213,NA
2011-07-06 12:00:00,296.177,297.15,296.177,17.031,16.072,1.91219062857237,2.57219944794334,180.809039346156,198.519476589746
2011-07-06 13:00:00,296.88,299.15,296.88,17.438,17.135,2.2008200744268,4.11507630548936,189.282564619018,198.518605092588
2011-07-06 14:00:00,298.362,299.15,298.362,18.415,17.13,1.98430693190343,4.11550349289124,191.423187474792,218.518482430036
2011-07-06 15:00:00,298.74,300.15,298.74,19.369,17.135,2.05274572219747,2.57240840458898,188.347205543372,238.528200334384
2011-07-06 16:00:00,298.694,302.15,298.694,19.301,18.257,1.36183772895305,2.57240840458898,165.933144364276,238.528200334384
2011-07-06 17:00:00,299.197,303.15,299.197,19.477,17.141,1.8094079142084,2.5724667150422,183.517077203538,258.519713876785
2011-07-06 18:00:00,299.428,302.15,299.428,19.618,17.159,2.37962391986633,NA,169.662849956657,NA
2011-07-06 19:00:00,300.249,299.15,300.249,19.291,17.171,2.84022815984913,NA,179.273754367592,NA
2011-07-06 20:00:00,299.981,300.15,299.981,19.357,18.301,2.6030324623408,NA,179.713853653085,NA
2011-07-06 21:00:00,300.366,303.15,300.366,19.417,17.194,2.68628256145924,2.5718470016702,181.770590613096,178.529486151229
2011-07-06 22:00:00,300.401,303.15,300.401,19.285,17.188,2.1975099544712,7.20210420641079,182.73871267759,208.522206889498
2011-07-06 23:00:00,300.308,301.15,300.308,19.603,14.148,1.64524071187167,5.65890139514729,172.455985495176,198.514993168044
2011-07-07 00:00:00,299.801,298.15,299.801,19.656,14.148,1.77229371155009,2.57265874145795,160.246141661778,218.513725723575
2011-07-07 01:00:00,298.942,298.15,298.942,19.514,14.134,2.32304218644432,4.11550349289124,164.085094991162,38.5184824300362
2011-07-07 02:00:00,298.299,297.15,298.299,19.544,14.134,2.59160664453539,3.08670196164126,169.596282568953,108.511257059094
2011-07-07 03:00:00,297.963,296.15,297.963,19.615,14.124,2.65308311215461,4.11531894268233,180.453519125958,168.520780069216
2011-07-07 04:00:00,297.843,297.15,297.843,19.601,14.129,2.50164745717697,5.1449334300844,188.829744667909,168.519713876785
2011-07-07 05:00:00,297.823,297.15,297.823,19.565,14.129,2.91448554637006,NA,191.980794522715,NA
2011-07-07 06:00:00,297.681,296.15,297.681,19.367,14.134,2.93712410360883,3.08670196164126,198.397936050607,198.511257059094
2011-07-07 07:00:00,297.426,296.15,297.426,19.11,14.134,2.4921175734704,3.60169029762416,199.234711058194,218.518196391194
2011-07-07 08:00:00,297.188,295.15,297.188,18.868,15.084,2.34952271748966,3.60081338033506,193.563077559048,208.515216536717
2011-07-07 09:00:00,296.988,295.15,296.988,18.642,15.084,2.28892026947205,3.08647193410211,193.028388614295,218.514851371868
2011-07-07 10:00:00,296.975,295.15,296.975,18.552,15.079,2.21233360956254,NA,196.059233137473,NA
2011-07-07 11:00:00,297.269,295.15,297.269,18.584,15.079,2.43030574208267,3.08647193410211,201.254167593298,218.514851371868
2011-07-07 12:00:00,298.275,296.15,298.275,18.821,16.077,3.11809236553377,2.57207775932222,217.310908406656,208.518012789051
2011-07-07 13:00:00,299.34,298.15,299.34,18.286,16.072,3.45704512553713,3.60169029762416,224.988280675248,218.518196391194
2011-07-07 14:00:00,300.747,300.15,300.747,17.951,16.077,3.21946284339484,NA,227.404280020354,NA
2011-07-07 15:00:00,302.492,302.15,302.492,17.56,16.077,3.22856392224159,2.05747126346882,237.30422628134,208.508225257102
2011-07-07 16:00:00,304.247,304.15,304.247,16.983,17.147,3.30444261563127,4.11541990567184,244.357743653962,208.520459388195
2011-07-07 17:00:00,303.862,305.15,303.862,17.83,16.088,2.70777122371887,NA,242.053227011933,NA
2011-07-07 18:00:00,301.769,306.15,301.769,19.774,16.099,2.09244187493942,3.60066799358119,220.250829782477,188.512668645077
2011-07-07 19:00:00,303.068,305.15,303.068,19.479,15.11,2.07718872517641,3.08647193410211,212.236366166862,128.514851371868
2011-07-07 20:00:00,303.551,297.15,303.551,18.762,17.171,2.21005904898489,NA,191.589570671888,NA
2011-07-07 21:00:00,303.118,299.15,303.118,18.812,19.507,3.02081909421931,NA,174.7197116296,NA
2011-07-07 22:00:00,300.433,301.15,300.433,20.668,19.534,2.4642763643715,NA,170.021651299567,NA
2011-07-07 23:00:00,299.45,302.15,299.45,20.387,18.326,2.02550388792518,1.54334215260259,176.178398626572,118.524536801124
2011-07-08 00:00:00,299.182,301.15,299.182,20.465,18.32,1.83337530254992,NA,177.780586524938,NA
2011-07-08 01:00:00,298.788,300.15,298.788,20.027,19.514,2.15527074865317,2.5726639889422,181.967604841813,68.5211705325566
2011-07-08 02:00:00,298.286,300.15,298.286,19.378,17.177,2.39206229015885,5.14468463562151,182.899485222708,138.5144397488
2011-07-08 03:00:00,297.854,299.15,297.854,18.688,16.105,3.01497927024383,4.11581692984516,182.54733570843,158.521722462159
2011-07-08 04:00:00,297.315,298.15,297.315,18.214,16.121,3.04248073124547,4.11581692984516,184.524363295091,158.521722462159
2011-07-08 05:00:00,296.923,297.15,296.923,18.122,17.188,2.84136886025028,3.08630588244263,182.33977297033,158.522642610365
2011-07-08 06:00:00,296.811,297.15,296.811,18.204,17.2,2.94169627935992,2.05806316715498,181.246634213857,218.529373406919
2011-07-08 07:00:00,296.968,297.15,296.968,18.317,17.2,2.99236043951928,1.54351838343442,183.736381371845,178.51502398253
2011-07-08 08:00:00,296.963,297.15,296.963,18.259,17.206,3.06713416726429,NA,187.041602946878,NA
2011-07-08 09:00:00,296.934,297.15,296.934,18.236,17.2,2.50481496322583,1.54320834627085,185.567200352645,148.514113676373
2011-07-08 10:00:00,296.914,297.15,296.914,18.199,17.194,2.15030509463192,1.543086841367,183.626197247806,188.53443759248
2011-07-08 11:00:00,297.055,298.15,297.055,18.31,18.32,2.21766814469614,4.6300991350078,182.222457361523,218.510998421644
2011-07-08 12:00:00,297.643,299.15,297.643,18.482,18.326,2.82323520097069,4.11541990567184,186.692052661229,208.520459388195
2011-07-08 13:00:00,298.312,300.15,298.312,18.561,18.333,3.17980691237691,3.08664364642244,189.521567124883,228.506740084374
2011-07-08 14:00:00,299.192,300.15,299.192,18.515,18.339,3.20316484121564,3.60169029762416,191.306424497565,218.518196391194
2011-07-08 15:00:00,300.13,302.15,300.13,18.524,18.345,3.03815766542818,3.60081338033506,193.107698560542,208.515216536717
2011-07-08 16:00:00,301.606,303.15,301.606,18.237,17.218,3.2225610932921,4.63038335346006,192.181681686653,228.519572395154
2011-07-08 17:00:00,303.608,305.15,303.608,18.329,17.224,3.30451040246509,4.11541990567184,199.756460662715,208.520459388195
2011-07-08 18:00:00,302.068,306.15,302.068,19.53,17.242,3.27962269171318,4.62973573759885,194.370980569195,168.512892172367
2011-07-08 19:00:00,303.18,302.15,303.18,18.884,16.177,3.50164532755675,4.11507630548936,195.639725412659,288.518605092588
2011-07-08 20:00:00,305.311,297.15,305.311,17.139,17.265,3.9205643726382,3.08647193410211,191.415977265242,38.5148513718676
2011-07-08 21:00:00,303.286,301.15,303.286,19.132,18.409,2.84755070191911,NA,188.400430571923,NA
2011-07-08 22:00:00,303.29,302.15,303.29,18.185,19.622,3.05068025200938,3.6012445071114,196.236915880023,158.514714176757
2011-07-08 23:00:00,303.163,302.15,303.163,17.729,19.615,3.3482156441902,3.08641669254169,194.741820846884,148.514113676373
2011-07-09 00:00:00,302.44,301.15,302.44,17.19,19.622,2.88367820673528,2.5726639889422,189.984960204643,158.521170532557
2011-07-09 01:00:00,301.156,301.15,301.156,17.301,18.402,3.05560010472575,7.20209587550735,175.005893297721,198.522999347809
2011-07-09 02:00:00,300.217,300.15,300.217,17.87,17.265,3.73285011753754,4.63010118679927,175.83673930089,188.520363548381
2011-07-09 03:00:00,299.457,299.15,299.457,18.424,17.259,4.29384873976716,5.65876205543227,177.276862478752,208.521571441181
2011-07-09 04:00:00,298.807,299.15,298.807,18.578,17.242,4.40680076699639,5.65913067528927,186.55412562572,218.514339648586
2011-07-09 05:00:00,298.408,299.15,298.408,18.377,17.254,4.24270774388244,5.14453506159692,194.258966464698,218.520660889117
2011-07-09 06:00:00,298.03,297.15,298.03,17.855,17.259,4.62176643719693,1.54351838343442,198.062521700467,268.51502398253
2011-07-09 07:00:00,297.616,296.15,297.616,17.731,17.254,3.79404401661341,2.05806948376385,209.16608005393,238.511046865761
2011-07-09 08:00:00,297.334,296.15,297.334,17.746,18.39,3.18208940792053,NA,214.514087035188,NA
2011-07-09 09:00:00,296.86,296.15,296.86,17.849,17.248,2.42462780648907,2.05809159174221,222.626577204281,248.508769453173
2011-07-09 10:00:00,296.517,296.15,296.517,17.831,17.236,1.86220782943258,NA,233.296247957289,NA
2011-07-09 11:00:00,296.573,296.15,296.573,17.843,17.224,1.78212934435186,1.54285222882815,238.468321995869,258.522557779673
2011-07-09 12:00:00,297.199,297.15,297.199,18.409,17.212,2.25579276530447,NA,282.181681686653,NA
2011-07-09 13:00:00,297.624,297.15,297.624,18.612,16.132,3.19861751386439,2.57237186269793,339.446051299846,8.51754935287025
2011-07-09 14:00:00,298.652,300.15,298.652,17.921,16.121,3.91364702036349,3.08664364642244,356.66018973399,48.5067400843741
2011-07-09 15:00:00,299.82,300.15,299.82,17.13,16.11,4.1330436726461,3.60120104964996,0.26339514686083,358.520188160307
2011-07-09 16:00:00,300.853,301.15,300.853,17.037,15.1,4.28769880005581,2.5726639889422,5.35291468600911,338.521170532557
2011-07-09 17:00:00,301.866,302.15,301.866,16.007,15.1,4.29836085037075,2.57240840458898,11.9634880329907,328.528200334384
2011-07-09 18:00:00,303.97,302.15,303.97,14.929,14.153,4.2990012793671,2.57207775932222,20.9054624671262,28.5180127890513
2011-07-09 19:00:00,304.997,304.15,304.997,14.258,14.163,4.4059565363267,3.60127782877134,26.6755483818208,58.5123610458819
2011-07-09 20:00:00,305.452,304.15,305.452,13.765,14.163,4.31805801257927,4.11533291484419,28.4939727042655,48.5167670755
2011-07-09 21:00:00,305.404,305.15,305.404,13.615,14.163,4.02187145493239,NA,33.5201681191888,NA
2011-07-09 22:00:00,304.98,304.15,304.98,13.563,14.163,3.66042033105489,3.60081338033506,37.0608619999371,28.5152165367175
2011-07-09 23:00:00,304.088,304.15,304.088,13.521,13.27,3.13476713648717,4.63047783711357,49.9042432314765,58.520576276753
2011-07-10 00:00:00,303.045,302.15,303.045,13.853,14.153,2.08681312052613,3.08630588244263,71.8515710987408,68.5226426103652
2011-07-10 01:00:00,301.8,299.15,301.8,14.369,14.139,2.04229699113523,2.57234231781075,93.2560833530269,48.5144397487999
2011-07-10 02:00:00,300.323,298.15,300.323,14.815,14.129,1.67021016641619,NA,100.731342814053,NA
2011-07-10 03:00:00,298.797,297.15,298.797,15.3,15.064,1.03767865931607,NA,101.732252438789,NA
2011-07-10 04:00:00,297.7,296.15,297.7,15.812,16.072,0.34012350697945,1.54299060269335,15.3437660477639,48.5206469960585
2011-07-10 05:00:00,296.687,297.15,296.687,15.678,15.069,1.27619630151478,NA,352.752473666813,NA
2011-07-10 06:00:00,295.936,296.15,295.936,15.766,15.069,1.28409968460396,NA,359.286070851114,NA
2011-07-10 07:00:00,295.401,295.15,295.401,15.803,15.069,1.2239955065277,NA,10.878455029575,NA
2011-07-10 08:00:00,295.022,295.15,295.022,15.79,15.064,1.20282750217976,NA,25.3507074018798,NA
2011-07-10 09:00:00,294.721,295.15,294.721,15.741,14.119,1.1765309175708,NA,33.9466947138658,NA
2011-07-10 10:00:00,294.469,295.15,294.469,15.669,14.114,1.13802811916051,NA,32.2935674482741,NA
2011-07-10 11:00:00,294.742,295.15,294.742,15.692,15.054,1.05582763744846,NA,34.8942155799242,NA
2011-07-10 12:00:00,296.571,298.15,296.571,16.22,17.112,1.17685003292688,NA,60.4725131132898,NA
2011-07-10 13:00:00,299.084,300.15,299.084,16.655,17.106,1.28673734693604,2.57265874145795,71.7481041629215,128.513725723575
2011-07-10 14:00:00,301.439,301.15,301.439,16.485,16.044,1.63973229522383,2.57219944794334,91.7124205066191,108.519476589746
2011-07-10 15:00:00,303.132,303.15,303.132,15.786,16.039,1.92203147736971,3.08664364642244,90.3279119112615,138.506740084374
2011-07-10 16:00:00,304.349,303.15,304.349,14.926,14.095,1.96239572971407,2.0576826771881,73.2364350721751,358.524061937065
2011-07-10 17:00:00,305.172,305.15,305.172,14.338,15.043,2.36512938335305,3.08670196164126,64.2908546252488,108.511257059094
2011-07-10 18:00:00,306.186,306.15,306.186,13.803,14.105,2.42438383924658,1.543086841367,60.3049513033913,8.53443759247989
2011-07-10 19:00:00,306.47,306.15,306.47,13.502,14.114,2.51937809786463,2.57234231781075,68.5575554681665,48.5144397487999
2011-07-10 20:00:00,306.829,305.15,306.829,13.202,14.119,2.34907683995224,2.57265874145795,65.5843055369501,38.513725723575
2011-07-10 21:00:00,306.567,305.15,306.567,13.107,14.124,2.37236927985506,NA,87.4391106382454,NA
2011-07-10 22:00:00,305.83,306.15,305.83,13.242,14.129,2.74551015295883,3.60110122046021,111.69677747234,78.5153287336356
2011-07-10 23:00:00,304.81,304.15,304.81,13.503,14.129,2.72874934722851,3.60110122046021,120.672076684871,78.5153287336356
2011-07-11 00:00:00,303.3,304.15,303.3,14.645,14.119,1.55534337044911,NA,120.654189228375,NA
2011-07-11 01:00:00,301.172,302.15,301.172,14.693,14.114,1.78577322188457,2.05747126346882,107.298518470032,118.508225257102
2011-07-11 02:00:00,299.523,301.15,299.523,14.723,14.11,1.89294505995288,2.05769701365386,96.7045319704614,108.531806510685
2011-07-11 03:00:00,298.386,300.15,298.386,14.609,14.105,1.91456835866469,2.57207775932222,97.9862072139764,118.518012789051
2011-07-11 04:00:00,297.624,300.15,297.624,14.395,14.105,2.04970168561184,2.57207775932222,107.57747687671,118.518012789051
2011-07-11 05:00:00,297.24,299.15,297.24,14.756,14.105,2.39243641503803,2.05806316715498,137.57488011234,128.529373406919
2011-07-11 06:00:00,296.958,299.15,296.958,16.044,14.11,2.51983908216378,2.05806316715498,160.479243850523,128.529373406919
2011-07-11 07:00:00,296.706,298.15,296.706,16.701,15.059,2.19632807203296,NA,165.255109366271,NA
2011-07-11 08:00:00,296.37,297.15,296.37,16.696,15.059,1.8431212656795,NA,163.806941666906,NA
2011-07-11 09:00:00,296.022,296.15,296.022,16.543,15.064,1.5939008752115,1.54320834627085,162.247111570251,148.514113676373
2011-07-11 10:00:00,295.707,296.15,295.707,16.414,16.05,1.51491418898893,1.54287685833964,163.036304438019,108.517152180455
2011-07-11 11:00:00,295.951,296.15,295.951,16.418,15.038,1.72233707502335,2.05804105887128,167.73098622331,138.525987681853
2011-07-11 12:00:00,297.655,297.15,297.655,16.531,16.033,2.11291268158436,1.54320834627085,176.092127851987,148.514113676373
2011-07-11 13:00:00,299.877,300.15,299.877,16.047,17.089,2.39105039679217,3.08647193410211,182.372975542168,218.514851371868
2011-07-11 14:00:00,302.028,302.15,302.028,16.348,17.089,2.52910596851931,2.57265874145795,188.549808939421,218.513725723575
2011-07-11 15:00:00,304.003,304.15,304.003,17.023,17.1,2.67598991029488,2.5726639889422,204.295107293194,158.521170532557
2011-07-11 16:00:00,305.505,305.15,305.505,16.672,17.112,2.78155352276385,NA,214.512766490809,NA
2011-07-11 17:00:00,306.485,306.15,306.485,16.519,16.061,2.71878447104584,2.5724667150422,221.316768903789,168.519713876785
2011-07-11 18:00:00,307.095,307.15,307.095,16.398,16.072,2.85183537393027,2.5724667150422,225.411988338462,168.519713876785
2011-07-11 19:00:00,307.391,307.15,307.391,16.337,15.074,3.00856410933854,NA,229.772588215151,NA
2011-07-11 20:00:00,307.793,309.15,307.793,16.33,15.084,3.55112559620186,3.08630588244263,226.996951794221,248.522642610365
2011-07-11 21:00:00,307.589,307.15,307.589,16.487,16.094,3.94811676625705,4.6300991350078,229.787502858195,218.510998421644
2011-07-11 22:00:00,307.042,307.15,307.042,16.648,16.11,3.91882252723953,3.08668430520518,224.751878362992,208.524536801124
2011-07-11 23:00:00,306.12,307.15,306.12,16.862,16.11,3.6916405567173,5.14439889588667,219.195493760697,198.519476589746
2011-07-12 00:00:00,304.697,306.15,304.697,17.21,16.11,2.73438695140245,5.14439889588667,207.108566965607,198.519476589746
2011-07-12 01:00:00,303.041,303.15,303.041,16.87,16.099,2.79610908227844,1.54299060269335,198.668225984778,228.520646996059
2011-07-12 02:00:00,301.823,302.15,301.823,16.802,16.094,3.1905187665958,3.60169029762416,201.377893307313,218.518196391194
2011-07-12 03:00:00,300.959,301.15,300.959,16.588,17.153,3.20056401279524,3.08647193410211,207.806065429466,218.514851371868
2011-07-12 04:00:00,300.248,302.15,300.248,16.401,16.11,3.22215890359243,4.11507630548936,207.5034600382,198.518605092588
2011-07-12 05:00:00,299.672,302.15,299.672,16.213,16.127,3.82223102389167,5.65890139514729,200.378844151505,198.514993168044
2011-07-12 06:00:00,299.117,301.15,299.117,15.817,16.132,4.01383320530388,5.65876205543227,205.626592698513,208.521571441181
2011-07-12 07:00:00,298.689,301.15,298.689,15.733,17.2,3.77959587786843,6.17337395594986,211.663116664724,228.519840983953
2011-07-12 08:00:00,298.372,301.15,298.372,15.95,18.32,3.252878725068,3.08630588244263,215.2633022732,248.522642610365
2011-07-12 09:00:00,298.104,300.15,298.104,15.996,18.326,2.80243108746674,3.08664364642244,214.914973768806,228.506740084374
2011-07-12 10:00:00,297.861,299.15,297.861,16.029,18.32,2.68462306478954,2.57265874145795,212.665980494544,218.513725723575
2011-07-12 11:00:00,297.982,300.15,297.982,16.405,18.326,2.74980235653401,4.11550349289124,212.389690525744,218.518482430036
2011-07-12 12:00:00,299.291,300.15,299.291,17.123,18.333,3.35064546020614,5.14453506159692,221.769866311399,218.520660889117
2011-07-12 13:00:00,301.218,301.15,301.218,17.949,18.326,3.4741147073751,2.5724667150422,232.143820345441,258.519713876785
2011-07-12 14:00:00,303.334,302.15,303.334,18.766,18.326,3.39761990222567,3.08668446719129,235.201391868649,258.526251333559
2011-07-12 15:00:00,305.352,303.15,305.352,19.267,19.527,3.34625477212958,3.08641669254169,240.554571270074,238.514113676373
2011-07-12 16:00:00,307.183,306.15,307.183,18.914,19.534,3.20029451769677,2.57265874145795,249.724742294269,218.513725723575
2011-07-12 17:00:00,308.454,308.15,308.454,18.859,18.339,2.87435731947161,3.60169029762416,252.611490640802,218.518196391194
2011-07-12 18:00:00,309.273,308.15,309.273,19.099,17.212,2.93595725445722,3.08664364642244,243.434948822922,228.506740084374
2011-07-12 19:00:00,309.927,310.15,309.927,18.861,16.155,3.27049384650086,2.57234231781075,237.587928139803,228.5144397488
2011-07-12 20:00:00,310.223,310.15,310.223,18.442,16.171,3.44941980628627,4.11507630548936,239.39802277948,288.518605092588
2011-07-12 21:00:00,309.907,310.15,309.907,18.587,16.177,4.19328093501974,NA,236.112871240689,NA
2011-07-12 22:00:00,308.827,310.15,308.827,19.296,16.177,4.02253713469497,3.60120104964996,235.85167082473,268.520188160307
2011-07-12 23:00:00,307.262,309.15,307.262,21.402,14.216,2.16909773869229,2.5724667150422,226.102065239577,258.519713876785
2011-07-13 00:00:00,305.78,307.15,305.78,22.124,16.171,1.98967057574866,2.5724667150422,211.581090838776,258.519713876785
2011-07-13 01:00:00,304.448,305.15,304.448,21.573,16.171,2.32515827418264,1.54315294122132,211.618802551991,248.522642610365
2011-07-13 02:00:00,303.463,305.15,303.463,21.396,16.166,2.38212762042675,1.54320834627085,220.403022089628,238.514113676373
2011-07-13 03:00:00,302.527,304.15,302.527,21.427,17.23,2.03529285362082,NA,243.15797731541,NA
2011-07-13 04:00:00,300.997,304.15,300.997,22.207,17.23,1.53716427228842,1.543086841367,277.212857788249,278.53443759248
2011-07-13 05:00:00,300.173,304.15,300.173,21.918,17.236,1.73705555466715,NA,301.631271944099,NA
2011-07-13 06:00:00,299.664,302.15,299.664,21.077,18.371,1.96198904176349,NA,327.298111747366,NA
2011-07-13 07:00:00,299.035,300.15,299.035,20.105,17.242,2.25260138506572,NA,340.092951701002,NA
2011-07-13 08:00:00,298.347,300.15,298.347,19.393,18.377,2.28777664993766,NA,340.836418670388,NA
2011-07-13 09:00:00,297.72,299.15,297.72,18.79,17.236,2.37084900404897,NA,336.246081464249,NA
2011-07-13 10:00:00,297.172,298.15,297.172,18.343,17.23,2.30315110229442,2.05804105887128,333.379321869999,318.525987681853
2011-07-13 11:00:00,297.201,299.15,297.201,18.29,17.224,2.20729880170311,NA,338.805943518458,NA
2011-07-13 12:00:00,298.444,301.15,298.444,19.097,17.218,2.39930093985727,NA,342.962232204374,NA
2011-07-13 13:00:00,300.319,304.15,300.319,19.901,16.149,2.04534251410369,2.05769701365386,350.11859387965,18.5318065106854
2011-07-13 14:00:00,302.541,306.15,302.541,19.957,16.149,1.9394767335547,NA,358.72959527626,NA
2011-07-13 15:00:00,304.715,306.15,304.715,18.773,14.187,1.73146325401378,NA,9.23927671871596,NA
2011-07-13 16:00:00,306.35,307.15,306.35,17.139,15.141,1.66512281829299,2.5724667150422,351.538993136876,348.519713876785
2011-07-13 17:00:00,307.705,308.15,307.705,15.829,16.149,1.54081309703676,NA,328.022208318168,NA
2011-07-13 18:00:00,308.541,309.15,308.541,15.442,16.16,1.82667375302762,NA,319.596029865015,NA
2011-07-13 19:00:00,309.073,309.15,309.073,15.414,16.177,1.98725967100427,NA,334.995298966057,NA
2011-07-13 20:00:00,309.288,307.15,309.288,15.414,14.221,2.08746377214073,NA,325.678075323666,NA
2011-07-13 21:00:00,309.189,307.15,309.189,15.285,17.254,2.4036857115688,1.54351838343442,314.207787576631,268.51502398253
2011-07-13 22:00:00,308.429,302.15,308.429,15.157,17.254,2.61172892927271,5.14439889588667,319.90792430924,18.5194765897459
2011-07-13 23:00:00,306.519,301.15,306.519,15.962,17.254,2.67441077622717,NA,332.304320892113,NA
2011-07-14 00:00:00,304.652,302.15,304.652,16.357,17.23,2.407129618446,2.05809159174221,321.087412421408,248.508769453173
2011-07-14 01:00:00,302.422,300.15,302.422,17.689,18.352,2.76623589015832,3.08641669254169,299.567614855716,238.514113676373
2011-07-14 02:00:00,300.964,300.15,300.964,17.489,17.224,2.85752567792487,4.11533291484419,306.332527355617,228.5167670755
2011-07-14 03:00:00,300.296,299.15,300.296,16.051,17.224,2.36922033589111,NA,313.238397844804,NA
2011-07-14 04:00:00,299.81,298.15,299.81,15.276,17.218,2.34136712200372,NA,325.08816978339,NA
2011-07-14 05:00:00,299.188,298.15,299.188,15.201,17.218,3.20992460970659,1.54320834627085,343.642693575089,328.514113676373
2011-07-14 06:00:00,298.827,297.15,298.827,15.968,16.143,4.00575211414785,NA,16.4896314759079,NA
2011-07-14 07:00:00,298.434,296.15,298.434,14.398,16.138,3.87913199053603,2.05772933108317,26.5188129514008,8.5238815802428
2011-07-14 08:00:00,297.896,296.15,297.896,13.441,16.132,3.70481753936682,NA,21.6693057728884,NA
2011-07-14 09:00:00,297.288,296.15,297.288,12.96,15.126,3.65123390102579,2.05769701365386,16.7127715688844,18.5318065106854
2011-07-14 10:00:00,296.644,296.15,296.644,12.393,16.127,4.00112509177106,1.54351838343442,14.1925327134431,358.51502398253
2011-07-14 11:00:00,296.277,296.15,296.277,11.792,13.27,4.19381950016927,5.14439889588667,18.3312618068466,18.5194765897459
2011-07-14 12:00:00,296.802,296.15,296.802,11.874,13.261,5.19215350312373,5.65890139514729,27.3201331617415,18.5149931680437
2011-07-14 13:00:00,298.035,297.15,298.035,12.237,12.412,5.31347014671203,5.65876205543227,35.1227616631214,28.5215714411812
2011-07-14 14:00:00,299.487,299.15,299.487,12.352,11.617,5.17201440446563,6.68749766355099,38.7601540527457,28.5195184019609
2011-07-14 15:00:00,301.013,300.15,301.013,12.064,10.869,5.15520901613116,5.14415551864443,40.2950964155465,28.5180127890513
2011-07-14 16:00:00,302.322,301.15,302.322,11.641,10.869,5.11962029842058,6.17289113787049,37.6040743572598,28.5163816598784
2011-07-14 17:00:00,303.295,302.15,303.295,11.285,11.609,5.03968114070722,4.63002645780777,34.8662839335031,28.524536801124
2011-07-14 18:00:00,303.92,303.15,303.92,10.897,11.613,4.82581319572152,4.63047783711357,31.1042519605774,58.520576276753
2011-07-14 19:00:00,304.225,302.15,304.225,10.435,10.873,4.66893617433351,NA,26.757134009469,NA
2011-07-14 20:00:00,304.249,303.15,304.249,10.065,10.172,4.53836622585705,4.6300991350078,26.3166279901559,38.5109984216437
2011-07-14 21:00:00,303.97,304.15,303.97,9.896,10.182,4.32941058343974,3.60169029762416,29.0160418626646,38.5181963911939
2011-07-14 22:00:00,303.376,303.15,303.376,9.914,10.186,4.22354412786229,5.14468463562151,33.9873045876794,48.5144397487999
2011-07-14 23:00:00,302.387,302.15,302.387,10.245,10.186,4.0473875524837,4.63047783711357,41.6347149481077,58.520576276753
2011-07-15 00:00:00,300.987,300.15,300.987,10.879,10.179,2.97348448793667,3.08664364642244,46.3353876417535,48.5067400843741
2011-07-15 01:00:00,299.552,298.15,299.552,10.875,10.176,2.8904065457994,3.60127782877134,55.7436458290462,58.5123610458819
2011-07-15 02:00:00,298.476,297.15,298.476,10.56,10.162,3.58557164201191,4.63047783711357,69.937710455414,58.520576276753
2011-07-15 03:00:00,297.484,297.15,297.484,10.035,10.155,4.05464721030079,5.1449334300844,77.4650614493425,78.5197138767845
2011-07-15 04:00:00,296.56,296.15,296.56,10.01,10.148,3.81384386151295,4.11531894268233,77.060558656235,78.5207800692157
2011-07-15 05:00:00,295.69,295.15,295.69,10.139,9.487,3.78352481160095,4.11531894268233,74.3915852658131,78.5207800692157
2011-07-15 06:00:00,294.824,294.15,294.824,10.603,10.151,3.83420448072348,3.6012445071114,75.3766113290415,68.5147141767573
2011-07-15 07:00:00,294.086,293.15,294.086,11.254,10.151,3.60441534787544,2.5718470016702,76.3762821004745,88.5294861512295
2011-07-15 08:00:00,293.545,291.15,293.545,11.62,10.151,3.20433113145318,2.05804105887128,76.5925926873528,48.5259876818531
2011-07-15 09:00:00,293.178,290.15,293.178,11.693,10.151,2.64930066243905,1.54334215260259,75.507414189014,28.524536801124
2011-07-15 10:00:00,292.88,290.15,292.88,11.709,10.148,2.06910415397582,NA,67.6740880670385,NA
2011-07-15 11:00:00,292.701,290.15,292.701,11.862,10.141,1.82546021594556,1.54299060269335,55.4219668749217,318.520646996059
2011-07-15 12:00:00,293.77,292.15,293.77,11.973,10.836,2.12203911368287,2.57240840458898,55.9879232491434,58.5282003343841
2011-07-15 13:00:00,295.504,295.15,295.504,11.381,11.574,2.49108911924082,2.0582490131177,66.3574523397939,78.5099098801795
2011-07-15 14:00:00,297.325,298.15,297.325,10.268,9.478,2.88107913810086,4.1156167217077,74.4780180476872,58.5229183439815
2011-07-15 15:00:00,299.077,299.15,299.077,9.26,8.276,3.19377049895574,5.65915117310008,82.8594074948703,78.5232796175881
2011-07-15 16:00:00,300.611,300.15,300.611,8.643,8.279,3.34444285345108,3.6012445071114,86.1768085295619,68.5147141767573
2011-07-15 17:00:00,301.841,300.15,301.841,8.276,8.282,3.56301403309052,3.60066799358119,88.6330103446895,98.5126686450766
2011-07-15 18:00:00,302.658,301.15,302.658,8.152,8.285,3.71045132025742,1.54299060269335,92.4714427852022,48.5206469960585
2011-07-15 19:00:00,303.191,302.15,303.191,8.099,9.487,3.86517127692939,2.57207775932222,97.1636278368561,118.518012789051
2011-07-15 20:00:00,303.446,302.15,303.446,8.109,8.875,3.87659644533707,3.60127782877134,99.8024967152452,58.5123610458819
2011-07-15 21:00:00,303.179,302.15,303.179,8.407,8.296,3.8546940215794,5.65888372384519,103.059234389389,88.5215967425844
2011-07-15 22:00:00,302.539,302.15,302.539,8.875,8.299,3.68095979331478,3.60152203936058,105.504947414756,108.520472356887
2011-07-15 23:00:00,301.667,302.15,301.667,9.503,8.881,3.32776080871207,3.60152203936058,106.300149351836,108.520472356887
2011-07-16 00:00:00,300.338,301.15,300.338,10.567,8.878,2.25386468094249,3.08701441525627,97.4182561799395,98.5133284428815
2011-07-16 01:00:00,298.822,299.15,298.822,10.765,9.49,2.36553968472313,2.5718470016702,102.773132308942,88.5294861512295
2011-07-16 02:00:00,297.711,299.15,297.711,11.426,9.484,2.85944050471417,2.0576826771881,115.166996165623,88.5240619370646
2011-07-16 03:00:00,296.913,299.15,296.913,11.65,10.134,3.02018823916656,5.14415551864443,115.054713981957,118.518012789051
2011-07-16 04:00:00,296.27,297.15,296.27,11.612,10.128,3.1680992724345,4.11541990567184,115.562093254161,118.520459388195
2011-07-16 05:00:00,295.713,296.15,295.713,11.518,10.124,3.0150704801049,3.08668430520518,119.157966001404,118.524536801124
2011-07-16 06:00:00,295.233,296.15,295.233,11.428,10.128,2.63561150399675,2.57265874145795,122.291122339328,128.513725723575
2011-07-16 07:00:00,294.773,295.15,294.773,11.368,10.124,2.29003864596212,2.05804105887128,121.19117062386,138.525987681853
2011-07-16 08:00:00,294.342,292.15,294.342,11.342,10.121,2.10108186418331,NA,116.089426640386,NA
2011-07-16 09:00:00,293.934,291.15,293.934,11.343,10.121,1.96177190315286,1.54362722183823,107.594461648879,38.5032944743511
2011-07-16 10:00:00,293.573,291.15,293.573,11.336,10.121,1.90252463847384,1.54315294122132,102.136824455292,68.5226426103652
2011-07-16 11:00:00,293.572,292.15,293.572,11.602,10.814,1.96717564035345,NA,98.0065314900067,NA
2011-07-16 12:00:00,294.863,295.15,294.863,11.962,10.81,2.32592519226221,2.57237186269793,103.880905968716,98.5175493528702
2011-07-16 13:00:00,296.797,297.15,296.797,11.87,10.807,3.21495894219506,3.60120104964996,114.946911633645,88.5201881603068
2011-07-16 14:00:00,298.525,299.15,298.525,11.436,10.803,3.58189921689597,5.14453506159692,125.913297084913,128.520660889117
2011-07-16 15:00:00,300.042,300.15,300.042,10.407,11.539,3.39212322889367,4.63038335346006,124.842574945344,138.519572395154
2011-07-16 16:00:00,301.317,301.15,301.317,9.864,10.104,3.38522702340626,3.08668446719129,120.359993181211,78.5262513335595
2011-07-16 17:00:00,302.322,303.15,302.322,9.754,8.833,3.37002225511939,4.63038335346006,117.287388360134,138.519572395154
2011-07-16 18:00:00,303.085,301.15,303.085,9.83,8.839,3.38500236336697,2.05747126346882,116.852700976151,118.508225257102
2011-07-16 19:00:00,303.106,303.15,303.106,10.331,8.842,3.4163069241507,3.60127782877134,116.850065140017,148.512361045882
2011-07-16 20:00:00,302.96,304.15,302.96,10.48,9.462,3.61841982086103,NA,116.402178926527,NA
2011-07-16 21:00:00,300.94,302.15,300.94,12.098,9.462,4.6731362060184,2.57207775932222,116.033179134616,118.518012789051
2011-07-16 22:00:00,301.394,304.15,301.394,12.616,9.465,3.07405432613023,4.63038335346006,124.31557631338,138.519572395154
2011-07-16 23:00:00,301.025,303.15,301.025,12.272,9.465,2.635,4.11533291484419,126.869897645844,138.5167670755
2011-07-17 00:00:00,300.06,302.15,300.06,12.446,10.814,2.72082708013574,2.57240840458898,129.482021894235,148.528200334384
2011-07-17 01:00:00,298.724,300.15,298.724,12.258,10.81,1.87027190536563,3.60169029762416,126.367477209761,128.518196391194
2011-07-17 02:00:00,297.569,299.15,297.569,12.464,10.807,1.90348995269216,2.57265874145795,125.117782198233,128.513725723575
2011-07-17 03:00:00,296.824,298.15,296.824,12.551,10.104,2.29631291421705,2.57240840458898,138.6192558514,148.528200334384
2011-07-17 04:00:00,296.337,298.15,296.337,12.295,10.1,2.64691405225028,2.5724667150422,154.800028468488,168.519713876785
2011-07-17 05:00:00,295.867,297.15,295.867,12.224,10.1,2.48747683406298,2.05809159174221,159.503264369607,158.508769453173
2011-07-17 06:00:00,295.396,296.15,295.396,12.41,10.796,2.15088121475827,NA,159.222592201931,NA
2011-07-17 07:00:00,294.932,295.15,294.932,12.651,10.796,1.84143449516946,1.54285222882815,156.13544703309,168.522557779673
2011-07-17 08:00:00,294.504,295.15,294.504,12.891,11.535,1.561341090217,NA,154.140647457571,NA
2011-07-17 09:00:00,294.124,294.15,294.124,13.087,11.531,1.36683027475982,NA,151.747508840373,NA
2011-07-17 10:00:00,293.792,295.15,293.792,13.24,11.527,1.22939049939391,1.54299060269335,153.47663363151,138.520646996059
2011-07-17 11:00:00,293.904,295.15,293.904,13.587,11.523,1.15369189994556,1.54320834627085,159.130072144529,148.514113676373
2011-07-17 12:00:00,295.444,296.15,295.444,14.187,11.519,1.33037024921636,2.05806948376385,173.569443938648,148.511046865761
2011-07-17 13:00:00,297.618,297.15,297.618,14.164,12.299,2.00804880418779,2.05804105887128,180.399466093683,138.525987681853
2011-07-17 14:00:00,299.334,299.15,299.334,13.348,11.515,2.05833452091734,2.0582490131177,186.275638343868,168.50990988018
2011-07-17 15:00:00,300.869,300.15,300.869,12.549,11.515,1.76536285222047,1.54334215260259,186.211163560268,298.524536801124
2011-07-17 16:00:00,302.15,301.15,302.15,12.152,10.087,1.53824087840624,2.57265874145795,176.906947165468,128.513725723575
2011-07-17 17:00:00,303.15,302.15,303.15,11.892,10.781,1.16915781655002,NA,183.48157006057,NA
2011-07-17 18:00:00,303.748,303.15,303.748,11.539,10.093,0.765663111296346,NA,190.840305454331,NA
2011-07-17 19:00:00,304.198,304.15,304.198,11.267,9.443,0.630317380372777,NA,128.688200610296,NA
2011-07-17 20:00:00,304.392,302.15,304.392,11.208,9.449,1.44615248158692,NA,118.904524826425,NA
2011-07-17 21:00:00,304.081,303.15,304.081,11.257,10.107,0.953046168871162,NA,138.700965160849,NA
2011-07-17 22:00:00,303.498,302.15,303.498,11.676,10.11,0.56649536626525,NA,254.540856314924,NA
2011-07-17 23:00:00,302.712,302.15,302.712,12.258,9.459,1.40631504294024,2.05806948376385,302.277457300038,148.511046865761
2011-07-18 00:00:00,301.306,302.15,301.306,13.375,11.554,1.49611831082973,1.54285222882815,317.383689356239,78.5225577796731
2011-07-18 01:00:00,299.566,301.15,299.566,13.679,11.554,1.42368325128871,1.54285222882815,327.973287115472,78.5225577796731
2011-07-18 02:00:00,298.112,298.15,298.112,14.157,11.554,1.37480907765406,NA,346.711753499006,NA
2011-07-18 03:00:00,297.043,298.15,297.043,14.285,11.55,1.23214650102981,NA,57.2256582654374,NA
2011-07-18 04:00:00,296.423,299.15,296.423,13.88,11.546,1.87267642693552,3.08630588244263,136.839240012662,158.522642610365
2011-07-18 05:00:00,296.234,299.15,296.234,13.709,11.546,2.72935615118291,2.57237186269793,165.052355937064,188.51754935287
2011-07-18 06:00:00,295.936,297.15,295.936,13.814,11.55,2.6410092767728,3.08668446719129,177.764883900008,168.526251333559
2011-07-18 07:00:00,295.57,297.15,295.57,13.974,11.558,2.39746741375144,3.60081338033506,187.116123631371,208.515216536717
2011-07-18 08:00:00,295.224,296.15,295.224,14.113,11.562,2.30700021673168,3.08668446719129,196.235369088059,168.526251333559
2011-07-18 09:00:00,294.916,295.15,294.916,14.2,11.562,2.23356687833608,2.57265874145795,202.063401996324,218.513725723575
2011-07-18 10:00:00,294.63,294.15,294.63,14.216,11.554,2.18410668237612,3.08664364642244,205.520865263708,228.506740084374
2011-07-18 11:00:00,294.698,294.15,294.698,14.326,12.341,2.22123411643167,3.08647193410211,209.092184953922,218.514851371868
2011-07-18 12:00:00,296.015,296.15,296.015,14.423,12.336,2.97790077067722,2.57265874145795,218.112920165419,218.513725723575
2011-07-18 13:00:00,297.754,299.15,297.754,14.596,13.18,3.00742697334449,5.65876205543227,225.471504118118,208.521571441181
2011-07-18 14:00:00,299.622,300.15,299.622,14.876,13.18,2.80088450315253,3.60152203936058,230.621356414794,198.520472356887
2011-07-18 15:00:00,301.609,302.15,301.609,14.468,13.189,2.77656514420246,2.57265874145795,239.12117847108,218.513725723575
2011-07-18 16:00:00,303.205,304.15,303.205,13.978,12.361,2.45622678106074,3.08670196164126,245.949877517552,198.511257059094
2011-07-18 17:00:00,304.258,305.15,304.258,14.196,13.207,2.19238865167652,4.1156167217077,248.654772918259,238.522918343981
2011-07-18 18:00:00,305.039,304.15,305.039,14.109,13.216,2.10250255647883,NA,257.669232011231,NA
2011-07-18 19:00:00,305.519,306.15,305.519,13.861,13.225,2.02650166543233,2.57234231781075,267.794141950919,228.5144397488
2011-07-18 20:00:00,305.705,306.15,305.705,13.816,13.234,2.06063339776875,NA,277.500935830838,NA
2011-07-18 21:00:00,305.5,307.15,305.5,13.873,13.247,1.89300026413099,2.5724667150422,284.219765516513,168.519713876785
2011-07-18 22:00:00,304.876,306.15,304.876,14.103,13.252,1.65597856266318,2.05769701365386,282.131004929312,198.531806510685
2011-07-18 23:00:00,303.885,305.15,303.885,15.961,13.256,0.920476507033178,3.08703676686884,263.19925221955,178.51502398253
2011-07-19 00:00:00,302.216,305.15,302.216,19.225,13.261,0.904389849567099,2.5724667150422,224.955202683473,168.519713876785
2011-07-19 01:00:00,300.56,302.15,300.56,17.906,13.252,1.66111408398099,1.54320834627085,209.342722184964,238.514113676373
2011-07-19 02:00:00,299.358,300.15,299.358,17.164,13.247,1.90029313528203,2.05804105887128,212.929067768858,228.525987681853
2011-07-19 03:00:00,298.554,300.15,298.554,16.741,13.243,1.88080434920807,2.05804105887128,215.194169291847,228.525987681853
2011-07-19 04:00:00,297.944,298.15,297.944,16.565,13.247,1.82739951844144,2.05804105887128,211.50685370863,228.525987681853
2011-07-19 05:00:00,297.533,297.15,297.533,16.373,14.143,1.93604674530343,1.54299060269335,205.254678447843,228.520646996059
2011-07-19 06:00:00,297.197,298.15,297.197,15.956,14.143,2.56892526166099,2.05772933108317,191.314306531536,188.523881580243
2011-07-19 07:00:00,296.886,297.15,296.886,15.129,13.265,2.86292036214771,4.11507630548936,196.28902350714,198.518605092588
2011-07-19 08:00:00,296.605,296.15,296.605,14.515,12.433,2.84093857730152,4.11541990567184,203.966584455594,208.520459388195
2011-07-19 09:00:00,296.302,295.15,296.302,14.153,12.437,2.6122212769978,3.08647193410211,209.391208137696,218.514851371868
2011-07-19 10:00:00,296.022,295.15,296.022,14.011,12.429,2.43140288722375,3.08664364642244,213.049552754727,228.506740084374
2011-07-19 11:00:00,296.032,295.15,296.032,14.38,12.425,2.25749174970807,2.05804105887128,218.651880785512,228.525987681853
2011-07-19 12:00:00,297.25,297.15,297.25,15.476,13.274,2.38743230270515,3.60169029762416,231.44513581815,218.518196391194
2011-07-19 13:00:00,299.491,300.15,299.491,16.716,14.168,2.14774346699041,NA,253.471955239891,NA
2011-07-19 14:00:00,301.766,302.15,301.766,17.853,15.115,2.09807721497565,NA,270.491562787064,NA
2011-07-19 15:00:00,303.753,305.15,303.753,18.6,16.127,2.27446213421987,2.5718470016702,279.541008086331,268.529486151229
2011-07-19 16:00:00,305.448,306.15,305.448,17.337,14.172,2.67095675741858,2.57265874145795,287.946528718836,308.513725723575
2011-07-19 17:00:00,306.42,306.15,306.42,15.845,16.132,2.54929794257164,2.57240840458898,287.297712988282,238.528200334384
2011-07-19 18:00:00,307.077,307.15,307.077,15.028,16.138,2.39774102021048,3.08641669254169,281.57236836592,238.514113676373
2011-07-19 19:00:00,307.506,308.15,307.506,14.578,17.218,2.33104976351857,3.08647193410211,278.064057378812,218.514851371868
2011-07-19 20:00:00,307.512,307.15,307.512,14.366,17.23,2.33643168100418,NA,278.293100621354,NA
2011-07-19 21:00:00,307.079,307.15,307.079,14.511,17.242,2.10436688816375,2.57265874145795,278.361132471051,308.513725723575
2011-07-19 22:00:00,306.035,306.15,306.035,16.747,17.242,1.1517933842491,3.08647193410211,289.158580267295,308.514851371868
2011-07-19 23:00:00,304.348,305.15,304.348,17.975,17.236,1.36598279637776,NA,291.606685591169,NA
2011-07-20 00:00:00,303.061,305.15,303.061,18.484,17.236,1.46471737888236,1.54315294122132,278.401172379205,338.522642610365
2011-07-20 01:00:00,301.716,304.15,301.716,17.671,18.371,1.55557449194823,NA,260.900994288948,NA
2011-07-20 02:00:00,300.54,302.15,300.54,17.451,18.364,1.77099887069416,NA,247.910221614112,NA
2011-07-20 03:00:00,299.708,302.15,299.708,17.375,17.224,1.6789857057164,2.05747126346882,254.382728186435,298.508225257102
2011-07-20 04:00:00,299.023,300.15,299.023,17.379,17.218,1.67440795506949,NA,260.408291371873,NA
2011-07-20 05:00:00,298.468,299.15,298.468,17.362,17.218,1.59227164767825,NA,264.522140594883,NA
2011-07-20 06:00:00,298.068,299.15,298.068,17.329,17.224,1.41816959493567,NA,259.18924368153,NA
2011-07-20 07:00:00,297.756,299.15,297.756,17.276,17.23,1.49674212875832,NA,257.105806375466,NA
2011-07-20 08:00:00,297.533,298.15,297.533,17.179,17.236,1.41054386674077,NA,262.053721453099,NA
2011-07-20 09:00:00,297.271,298.15,297.271,17.211,17.236,1.24502248975671,NA,274.606950048275,NA
2011-07-20 10:00:00,297.124,297.15,297.124,17.182,17.224,1.26854759469245,NA,284.70448134144,NA
2011-07-20 11:00:00,297.426,299.15,297.426,17.352,18.352,1.1088318177253,NA,307.303948277983,NA
2011-07-20 12:00:00,298.938,300.15,298.938,18.099,18.345,1.4625594005031,NA,334.31096281204,NA
2011-07-20 13:00:00,300.891,302.15,300.891,18.885,17.212,1.46273886938168,NA,345.792753221013,NA
2011-07-20 14:00:00,302.721,304.15,302.721,19.186,17.206,1.257875192537,NA,339.865122088123,NA
2011-07-20 15:00:00,304.498,306.15,304.498,19.061,17.206,1.15619764746344,2.57234231781075,314.334207454882,228.5144397488
2011-07-20 16:00:00,306.028,307.15,306.028,18.574,17.206,1.42772546380598,NA,295.559965171824,NA
2011-07-20 17:00:00,307.165,307.15,307.165,18.23,16.143,1.71869863559613,NA,288.38223882904,NA
2011-07-20 18:00:00,307.963,307.15,307.963,17.932,15.147,2.03530096054613,NA,293.605198897018,NA
2011-07-20 19:00:00,306.022,309.15,306.022,19.373,16.166,1.27081115827648,NA,245.895599429637,NA
2011-07-20 20:00:00,305.753,311.15,305.753,19.795,15.167,1.83930231337864,NA,254.452544488569,NA
2011-07-20 21:00:00,306.475,310.15,306.475,18.744,15.173,1.70556852691412,NA,283.563678072998,NA
2011-07-20 22:00:00,306.461,310.15,306.461,18.395,16.182,1.64676561780965,NA,292.079228522271,NA
2011-07-20 23:00:00,305.98,309.15,305.98,18.519,16.182,1.16046413128541,2.05806316715498,290.636946922064,308.529373406919
2011-07-21 00:00:00,305.124,304.15,305.124,20.994,15.162,0.0944298681562142,6.68783051519699,275.469094970112,188.521445985702
2011-07-21 01:00:00,303.162,301.15,303.162,21.187,14.206,0.304945896840735,NA,265.486011541999,NA
2011-07-21 02:00:00,301.874,303.15,301.874,21.092,14.197,0.222283602634112,NA,201.370622269343,NA
2011-07-21 03:00:00,300.776,301.15,300.776,20.861,16.149,0.91276996006661,1.54299060269335,194.919286808627,138.520646996059
2011-07-21 04:00:00,299.913,301.15,299.913,20.822,16.143,1.27811775670319,2.57240840458898,209.172164998532,148.528200334384
2011-07-21 05:00:00,299.297,301.15,299.297,20.713,17.218,1.35864086498235,NA,206.395314341299,NA
2011-07-21 06:00:00,298.843,300.15,298.843,20.56,17.224,1.41934386249422,NA,193.693569446649,NA
2011-07-21 07:00:00,298.592,300.15,298.592,20.423,17.23,1.6352039628132,1.54315294122132,194.376172908787,158.522642610365
2011-07-21 08:00:00,298.385,299.15,298.385,20.303,17.236,1.60475200576288,NA,200.614548657291,NA
2011-07-21 09:00:00,298.181,299.15,298.181,20.144,17.23,1.48124710970182,NA,205.042598177817,NA
2011-07-21 10:00:00,297.954,299.15,297.954,19.951,18.358,1.22779558559232,NA,212.020222829485,NA
2011-07-21 11:00:00,298.03,298.15,298.03,19.892,18.352,0.930662667135628,NA,217.534809143879,NA
2011-07-21 12:00:00,299.557,300.15,299.557,20.252,18.339,0.806781878824754,NA,252.396017544641,NA
2011-07-21 13:00:00,301.744,302.15,301.744,20.565,19.534,0.759718368870992,NA,289.532069441579,NA
2011-07-21 14:00:00,304.006,306.15,304.006,20.49,18.333,0.938362936181944,1.54362722183823,299.214730589011,308.503294474351
2011-07-21 15:00:00,306.328,307.15,306.328,19.557,18.339,0.889670163599971,NA,291.633983347748,NA
2011-07-21 16:00:00,307.979,308.15,307.979,18.189,17.212,1.09470087238478,2.05747126346882,273.194346405217,208.508225257102
2011-07-21 17:00:00,309.21,309.15,309.21,17.335,17.218,1.58732258851186,2.0582490131177,271.15514588631,258.50990988018
2011-07-21 18:00:00,310.092,311.15,310.092,16.631,16.155,1.83418265175527,NA,254.213365307524,NA
2011-07-21 19:00:00,309.481,307.15,309.481,15.789,16.16,4.51284256317457,8.23123344341539,210.759082960395,238.522918343981
2011-07-21 20:00:00,309.479,309.15,309.479,15.654,17.23,3.50020756527381,3.60120104964996,236.005750131609,268.520188160307
2011-07-21 21:00:00,309.398,309.15,309.398,16.046,16.166,3.3109516758781,4.11581692984516,248.285353545863,248.521722462159
2011-07-21 22:00:00,308.342,309.15,308.342,16.999,17.23,3.70749039108667,4.63038335346006,219.49491529606,228.519572395154
2011-07-21 23:00:00,307.195,309.15,307.195,18,16.149,3.01509071173655,3.60103165773366,223.252899421661,228.523699274317
2011-07-22 00:00:00,305.74,307.15,305.74,19.291,16.155,1.85736291553374,3.08647193410211,212.355261772418,218.514851371868
2011-07-22 01:00:00,304.049,306.15,304.049,19.346,17.218,1.977189925121,3.08641669254169,205.268987679061,238.514113676373
2011-07-22 02:00:00,302.862,304.15,302.862,19.648,18.339,2.17240235683908,2.57234231781075,208.783062153393,228.5144397488
2011-07-22 03:00:00,301.974,304.15,301.974,19.942,18.333,2.12508470419416,1.54299060269335,212.059683860758,228.520646996059
2011-07-22 04:00:00,301.195,302.15,301.195,20.275,17.194,1.99080009041591,3.60081338033506,210.119708152083,208.515216536717
2011-07-22 05:00:00,300.494,302.15,300.494,20.531,17.194,1.84186210124428,1.54334215260259,207.483263345593,208.524536801124
2011-07-22 06:00:00,299.846,300.15,299.846,20.72,17.194,1.72047696875024,2.57265874145795,197.034172879109,218.513725723575
2011-07-22 07:00:00,299.346,300.15,299.346,20.715,17.194,1.80191925457275,1.54299060269335,190.455579582462,228.520646996059
2011-07-22 08:00:00,298.919,300.15,298.919,20.541,18.32,1.7320349303637,NA,194.613915550542,NA
2011-07-22 09:00:00,298.536,300.15,298.536,20.277,18.314,1.65757805246088,NA,197.483932788709,NA
2011-07-22 10:00:00,298.202,299.15,298.202,20.074,17.177,1.5759736672927,3.08664364642244,200.309247250099,228.506740084374
2011-07-22 11:00:00,298.277,299.15,298.277,20.017,17.165,1.54969319544225,2.57265874145795,204.514331403437,218.513725723575
2011-07-22 12:00:00,299.844,301.15,299.844,20.405,17.159,1.81780802066665,3.08664364642244,217.040101353223,228.506740084374
2011-07-22 13:00:00,302.084,303.15,302.084,20.558,18.276,1.74992856997079,3.08647193410211,231.263490614335,218.514851371868
2011-07-22 14:00:00,304.194,306.15,304.194,20.565,18.276,1.87655881868915,3.60103165773366,235.310639577793,228.523699274317
2011-07-22 15:00:00,306.37,308.15,306.37,19.921,18.282,2.27733023516573,4.11550349289124,238.997410578653,218.518482430036
2011-07-22 16:00:00,308.623,310.15,308.623,16.875,17.153,2.9886935272791,NA,244.386646910435,NA
2011-07-22 17:00:00,310.104,310.15,310.104,14.871,16.094,3.1417097256112,4.11533291484419,247.189346226407,228.5167670755
2011-07-22 18:00:00,311.057,310.15,311.057,13.659,16.105,3.05635501864558,4.11533291484419,250.723224269784,228.5167670755
2011-07-22 19:00:00,311.643,312.15,311.643,13.099,15.105,3.18194531694057,5.14468463562151,244.417434058375,228.5144397488
2011-07-22 20:00:00,311.668,312.15,311.668,13.742,14.163,3.68143667608177,7.20197542345154,226.717037994755,218.516926307103
2011-07-22 21:00:00,310.933,312.15,310.933,15.245,13.279,4.62621940681589,5.14468463562151,216.703938262697,228.5144397488
2011-07-22 22:00:00,309.718,312.15,309.718,16.811,13.279,4.57559056297654,5.14453506159692,212.078386640598,218.520660889117
2011-07-22 23:00:00,308.495,311.15,308.495,17.978,14.168,3.50722825034243,6.68816222889367,214.827404527611,218.516652722259
2011-07-23 00:00:00,307.078,309.15,307.078,18.202,14.168,2.48251364548113,6.17337395594986,212.531376911059,228.519840983953
2011-07-23 01:00:00,305.45,306.15,305.45,18.014,13.265,2.18062491043279,NA,211.211593592174,NA
2011-07-23 02:00:00,304.098,305.15,304.098,18.204,14.139,2.18467800831152,3.60110122046021,203.267463878135,168.515328733636
2011-07-23 03:00:00,303.139,305.15,303.139,19.013,16.083,2.51129647791733,4.11541990567184,192.580775533616,208.520459388195
2011-07-23 04:00:00,302.415,304.15,302.415,20.466,16.072,2.72195242427196,4.11541990567184,192.734290795348,208.520459388195
2011-07-23 05:00:00,301.84,302.15,301.84,20.447,17.141,2.74027827054115,3.60081338033506,197.806803297265,208.515216536717
2011-07-23 06:00:00,301.306,301.15,301.306,19.386,17.147,2.85600087535001,3.08668430520518,201.678473347055,208.524536801124
2011-07-23 07:00:00,300.764,301.15,300.764,18.435,17.153,2.73444436769154,3.08668430520518,202.241090029317,208.524536801124
2011-07-23 08:00:00,300.29,301.15,300.29,17.877,17.153,2.59759311671401,3.60081338033506,203.673582555634,208.515216536717
2011-07-23 09:00:00,299.902,300.15,299.902,17.576,17.147,2.38642829349637,3.08647193410211,209.744881296942,218.514851371868
2011-07-23 10:00:00,299.576,299.15,299.576,17.485,17.135,2.25465318840836,2.57234231781075,212.336709128406,228.5144397488
2011-07-23 11:00:00,299.476,299.15,299.476,17.673,17.13,2.15960112057759,2.05806316715498,216.811530044749,218.529373406919
2011-07-23 12:00:00,300.279,301.15,300.279,18.32,17.118,2.41469356233871,2.05806316715498,222.264112309604,218.529373406919
2011-07-23 13:00:00,302.056,303.15,302.056,18.856,17.112,2.67393436718256,2.57237186269793,236.238617361574,278.51754935287
2011-07-23 14:00:00,304.096,305.15,304.096,18.899,17.106,2.8452416417591,4.11541990567184,246.336030335824,208.520459388195
2011-07-23 15:00:00,306.203,307.15,306.203,18.514,17.112,2.93428032062378,4.11533291484419,251.645323258804,228.5167670755
2011-07-23 16:00:00,308.64,309.15,308.64,16.819,17.118,3.27774800739776,5.14453506159692,254.861398294702,218.520660889117
2011-07-23 17:00:00,310.478,310.15,310.478,15.255,17.13,3.50809022118873,NA,252.138351391329,NA
2011-07-23 18:00:00,311.555,311.15,311.555,13.829,15.069,3.91712407258182,5.65913067528927,251.699189755439,218.514339648586
2011-07-23 19:00:00,311.927,310.15,311.927,13.061,14.139,4.58067866150858,3.08668446719129,247.078976090581,258.526251333559
2011-07-23 20:00:00,311.697,311.15,311.697,12.684,14.148,4.78493343736358,3.60120104964996,249.163658696886,268.520188160307
2011-07-23 21:00:00,311.562,311.15,311.562,12.556,14.158,4.88345953193021,4.62989643512682,255.884080306981,288.52495646207
2011-07-23 22:00:00,310.697,309.15,310.697,12.622,16.088,4.79034247209946,4.6300991350078,264.717858621983,308.510998421644
2011-07-23 23:00:00,309.243,307.15,309.243,13.928,13.238,3.15679853649231,4.11550349289124,268.711243893528,308.518482430036
2011-07-24 00:00:00,307.157,305.15,307.157,15.095,13.229,2.50733523885419,2.0582490131177,269.063056417614,258.50990988018
2011-07-24 01:00:00,305.017,303.15,305.017,15.234,14.124,1.96848418840488,NA,264.373396976017,NA
2011-07-24 02:00:00,303.086,302.15,303.086,15.925,16.066,1.83870416326281,NA,242.57090867732,NA
2011-07-24 03:00:00,301.72,302.15,301.72,16.175,16.066,1.85288099995655,2.5724667150422,224.037871246547,168.519713876785
2011-07-24 04:00:00,300.853,302.15,300.853,16.05,16.061,1.83931345887535,5.14439889588667,214.545422792966,198.519476589746
2011-07-24 05:00:00,300.212,301.15,300.212,15.856,17.13,1.73247597385938,3.08668430520518,211.763497176548,208.524536801124
2011-07-24 06:00:00,299.704,301.15,299.704,15.923,17.13,1.54781038890427,3.08647193410211,214.60384745885,218.514851371868
2011-07-24 07:00:00,299.352,300.15,299.352,16.068,17.13,1.4356980880394,1.54285222882815,220.112153983637,258.522557779673
2011-07-24 08:00:00,299.033,300.15,299.033,16.29,17.141,1.39267871384609,2.05806316715498,222.730318647352,218.529373406919
2011-07-24 09:00:00,298.632,300.15,298.632,16.545,17.147,1.41270839170722,3.08647193410211,226.692272381122,218.514851371868
2011-07-24 10:00:00,298.23,300.15,298.23,16.805,17.135,1.3889420434273,3.08664364642244,234.730864236655,228.506740084374
2011-07-24 11:00:00,298.197,300.15,298.197,17.313,17.13,1.29848565644754,3.08664364642244,244.500610316344,228.506740084374
2011-07-24 12:00:00,299.701,300.15,299.701,18.102,17.124,1.52925733609488,2.05804105887128,267.67644586112,228.525987681853
2011-07-24 13:00:00,302.004,301.15,302.004,17.507,17.124,1.96162815028741,1.54299060269335,284.043327515803,228.520646996059
2011-07-24 14:00:00,304.102,305.15,304.102,16.715,17.124,2.17141474619659,NA,287.667268036472,NA
2011-07-24 15:00:00,306.165,305.15,306.165,15.655,17.124,2.45593892432202,2.57219944794334,285.201919294471,288.519476589746
2011-07-24 16:00:00,307.932,307.15,307.932,14.682,17.13,2.563596887188,NA,292.233039210802,NA
2011-07-24 17:00:00,308.94,309.15,308.94,14.613,15.074,2.26178535674807,NA,284.675226205414,NA
2011-07-24 18:00:00,309.621,310.15,309.621,14.383,14.143,2.4383225791515,NA,261.414624947691,NA
2011-07-24 19:00:00,310.023,311.15,310.023,14.198,14.158,3.28133890355751,NA,243.950339235047,NA
2011-07-24 20:00:00,309.919,305.15,309.919,14.446,16.099,3.9490531776617,7.71659834383001,239.74042975094,198.519476589746
2011-07-24 21:00:00,309.412,305.15,309.412,14.953,16.11,4.03269847620672,6.68816222889367,239.677087326024,218.516652722259
2011-07-24 22:00:00,308.603,305.15,308.603,15.693,16.121,3.75418752861388,6.17356663526037,239.418384160951,218.522113121917
2011-07-24 23:00:00,307.291,305.15,307.291,17.706,16.099,2.99341443839639,3.60066799358119,226.43480222974,278.512668645077
2011-07-25 00:00:00,305.609,302.15,305.609,18.082,16.099,2.95758955908355,NA,221.765460648912,NA
2011-07-25 01:00:00,304.294,301.15,304.294,17.439,15.079,2.59657100807969,2.05806948376385,227.356713812216,238.511046865761
2011-07-25 02:00:00,303.002,301.15,303.002,17.688,15.084,1.95098026643019,1.54299060269335,226.619970945005,318.520646996059
2011-07-25 03:00:00,301.932,301.15,301.932,17.961,17.153,1.90579379787006,4.63002645780777,218.523647107001,208.524536801124
2011-07-25 04:00:00,301.088,301.15,301.088,18.203,17.153,1.67541338182551,1.54315294122132,215.084473334489,248.522642610365
2011-07-25 05:00:00,300.424,299.15,300.424,18.389,17.159,1.64431140602989,1.54299060269335,217.98500314797,228.520646996059
2011-07-25 06:00:00,299.859,299.15,299.859,18.561,16.11,1.42591584604422,2.05806316715498,219.136739105101,218.529373406919
2011-07-25 07:00:00,299.403,299.15,299.403,18.61,16.121,1.40265640839088,3.60169029762416,226.473242936389,218.518196391194
2011-07-25 08:00:00,299.02,298.15,299.02,18.584,16.127,1.37844296218596,1.54299060269335,235.133971743971,228.520646996059
2011-07-25 09:00:00,298.675,298.15,298.675,18.56,16.132,1.35895548124286,2.05772933108317,242.190404156187,188.523881580243
2011-07-25 10:00:00,298.371,297.15,298.371,18.551,16.121,1.30671534773263,2.57265874145795,240.472662145625,218.513725723575
2011-07-25 11:00:00,298.326,297.15,298.326,18.685,16.127,1.21133975415653,3.08664364642244,229.419226765118,228.506740084374
2011-07-25 12:00:00,299.485,298.15,299.485,18.98,17.2,1.37655548380732,3.08664364642244,235.028438925554,228.506740084374
2011-07-25 13:00:00,301.039,301.15,301.039,18.892,17.194,1.69299734199437,2.05804105887128,236.760479775804,228.525987681853
2011-07-25 14:00:00,302.511,303.15,302.511,18.916,17.2,2.33469762496131,3.08647193410211,227.343321312636,218.514851371868
2011-07-25 15:00:00,303.88,305.15,303.88,18.772,17.2,3.18557514430283,2.05806948376385,226.742638512297,238.511046865761
2011-07-25 16:00:00,304.985,306.15,304.985,18.486,17.212,3.94217008765477,2.05772933108317,222.810436263477,188.523881580243
2011-07-25 17:00:00,305.898,308.15,305.898,18.026,17.224,4.28337483767181,NA,219.144468933789,NA
2011-07-25 18:00:00,306.689,307.15,306.689,17.619,16.177,4.45286795223034,3.60081338033506,219.761089358524,208.515216536717
2011-07-25 19:00:00,307.069,306.15,307.069,17.728,16.193,4.91944732668213,3.08647193410211,219.076345361775,128.514851371868
2011-07-25 20:00:00,304.319,301.15,304.319,21.492,18.415,4.03155677127335,2.0576826771881,211.675468738109,88.5240619370646
2011-07-25 21:00:00,303.022,306.15,303.022,23.047,18.422,3.47673438732383,NA,215.54150926044,NA
2011-07-25 22:00:00,303.798,300.15,303.798,22.026,17.265,3.6223064475552,3.08668446719129,229.343804636847,258.526251333559
2011-07-25 23:00:00,303.513,300.15,303.513,21.601,16.182,2.78377890645073,1.54334215260259,236.115845689899,298.524536801124
2011-07-26 00:00:00,302.567,297.15,302.567,21.287,18.377,1.95659295715793,1.54299060269335,241.286709056838,228.520646996059
2011-07-26 01:00:00,301.652,297.15,301.652,20.587,18.383,2.04537551564499,2.05806316715498,244.362024629474,218.529373406919
2011-07-26 02:00:00,300.985,297.15,300.985,20.3,18.383,1.89553712704341,1.54315294122132,241.447436769565,248.522642610365
2011-07-26 03:00:00,300.383,297.15,300.383,20.234,18.377,1.68136759811768,3.08664364642244,231.398732834088,228.506740084374
2011-07-26 04:00:00,299.758,297.15,299.758,20.058,17.254,1.61824658195221,2.05804105887128,223.748106175679,228.525987681853
2011-07-26 05:00:00,299.214,296.15,299.214,19.758,17.259,1.61831640911164,2.05806316715498,222.245110184199,218.529373406919
2011-07-26 06:00:00,298.671,297.15,298.671,19.565,17.259,1.5750682524894,2.57237186269793,211.288162966868,188.51754935287
2011-07-26 07:00:00,298.202,296.15,298.202,19.312,17.265,1.55705651792091,2.57265874145795,213.924801326469,218.513725723575
2011-07-26 08:00:00,297.832,296.15,297.832,19.05,17.271,1.71750982529941,1.54315294122132,214.467288176858,248.522642610365
2011-07-26 09:00:00,297.507,296.15,297.507,18.833,17.271,1.38817650174609,1.54320834627085,223.015008098635,238.514113676373
2011-07-26 10:00:00,297.222,296.15,297.222,18.683,17.271,1.5581030132825,NA,237.289077813071,NA
2011-07-26 11:00:00,297.175,296.15,297.175,18.586,17.259,1.59794649472378,NA,251.122840404891,NA
2011-07-26 12:00:00,298.197,296.15,298.197,18.581,17.248,2.10409529251885,3.08668430520518,278.857958763628,208.524536801124
2011-07-26 13:00:00,299.182,297.15,299.182,18.344,17.236,2.18287997837719,2.05804105887128,310.373536224244,228.525987681853
2011-07-26 14:00:00,300.332,297.15,300.332,17.985,17.23,2.21081885282354,2.57219944794334,336.148029063221,198.519476589746
2011-07-26 15:00:00,301.788,298.15,301.788,17.848,17.224,2.54854801798985,2.05806316715498,355.589224752722,218.529373406919
2011-07-26 16:00:00,302.706,299.15,302.706,17.8,17.224,2.94311960341404,NA,11.206848288129,NA
2011-07-26 17:00:00,301.528,300.15,301.528,19.455,17.224,2.42014483037689,1.54334215260259,28.344048681587,28.524536801124
2011-07-26 18:00:00,302.403,302.15,302.403,19.909,17.23,2.8726421635839,3.08641669254169,35.8646017221105,58.5141136763734
2011-07-26 19:00:00,301.365,304.15,301.365,20.981,17.236,2.16589404172965,NA,44.7194156635949,NA
2011-07-26 20:00:00,301.963,306.15,301.963,20.707,16.182,2.05628986283549,2.5724667150422,63.3601827328933,78.5197138767845
2011-07-26 21:00:00,302.223,306.15,302.223,20.428,15.178,2.17218829754697,4.11531894268233,96.3168889390552,78.5207800692157
2011-07-26 22:00:00,301.963,305.15,301.963,20.399,16.193,1.99344174733048,2.05806316715498,123.044351419653,128.529373406919
2011-07-26 23:00:00,301.483,304.15,301.483,20.497,16.182,1.97156029580634,4.11550349289124,144.496105092975,128.518482430036
2011-07-27 00:00:00,300.589,303.15,300.589,20.673,17.248,1.55108349227242,3.6012445071114,167.110594243859,158.514714176757
2011-07-27 01:00:00,299.276,301.15,299.276,20.447,17.236,1.44389611814701,2.5726639889422,184.210012829389,158.521170532557
2011-07-27 02:00:00,298.31,300.15,298.31,20.191,17.23,1.4567171997337,2.0582490131177,192.891434383114,168.50990988018
2011-07-27 03:00:00,297.687,299.15,297.687,19.665,17.224,1.49977331620482,2.05804105887128,200.36824951784,228.525987681853
2011-07-27 04:00:00,297.242,298.15,297.242,19.203,17.224,1.48485689546165,1.54285222882815,207.255328374943,168.522557779673
2011-07-27 05:00:00,297.044,297.15,297.044,18.921,17.218,1.49870410688701,NA,220.182479369419,NA
2011-07-27 06:00:00,297.205,296.15,297.205,19.12,17.218,1.78735558857212,2.05806316715498,235.669782804497,218.529373406919
2011-07-27 07:00:00,297.156,296.15,297.156,19.032,17.212,1.74707899077288,1.54315294122132,250.123365047142,248.522642610365
2011-07-27 08:00:00,297.035,296.15,297.035,18.863,17.212,1.38336184709569,2.57265874145795,254.185455120597,218.513725723575
2011-07-27 09:00:00,296.888,296.15,296.888,18.666,16.143,1.06316555625171,1.54320834627085,250.150417634152,238.514113676373
2011-07-27 10:00:00,296.763,296.15,296.763,18.531,17.2,0.88220009068238,NA,233.156080942044,NA
2011-07-27 11:00:00,296.724,296.15,296.724,18.458,17.188,0.947798501792443,2.57265874145795,228.42168307467,218.513725723575
2011-07-27 12:00:00,296.978,297.15,296.978,18.654,18.308,1.01898233547005,NA,238.197264080009,NA
2011-07-27 13:00:00,297.75,301.15,297.75,18.716,17.171,1.16222200977266,2.05769701365386,263.180721301544,288.531806510685
2011-07-27 14:00:00,299.362,303.15,299.362,18.777,16.099,0.875068568741902,3.08647193410211,277.287441936509,38.5148513718676
2011-07-27 15:00:00,301.386,305.15,301.386,18.597,14.148,0.219337639268777,6.17390848652618,20.831209601206,68.5174045363686
2011-07-27 16:00:00,303.644,306.15,303.644,17.414,14.153,1.15034951210491,NA,74.7798283981364,NA
2011-07-27 17:00:00,305.436,307.15,305.436,16.121,13.261,1.69790517992025,4.63002645780777,81.9080757374871,28.524536801124
2011-07-27 18:00:00,306.755,307.15,306.755,14.345,12.429,1.52978495220734,NA,91.8355347773197,NA
2011-07-27 19:00:00,307.42,309.15,307.42,13.619,12.433,0.94476928400536,3.08701441525627,117.894118233971,98.5133284428815
2011-07-27 20:00:00,307.62,308.15,307.62,13.383,12.437,0.638718247743087,2.05769701365386,200.052082146099,198.531806510685
2011-07-27 21:00:00,307.501,307.15,307.501,13.313,12.437,1.1903113038193,2.5718470016702,240.89396763447,88.5294861512295
2011-07-27 22:00:00,307.016,308.15,307.016,13.304,11.645,1.75546802876042,2.57234231781075,254.063570574671,138.5144397488
2011-07-27 23:00:00,306.087,308.15,306.087,14.304,11.641,1.74763983703737,NA,254.126657230331,NA
2011-07-28 00:00:00,304.116,307.15,304.116,17.396,10.186,1.0385701709562,NA,234.167316324071,NA
2011-07-28 01:00:00,302.123,305.15,302.123,16.93,14.153,1.34260679277293,1.543086841367,205.973410259461,98.5344375924799
2011-07-28 02:00:00,300.707,303.15,300.707,17.041,15.09,1.2323574968328,2.5724667150422,198.743699072703,78.5197138767845
2011-07-28 03:00:00,299.724,302.15,299.724,17.255,14.134,0.789912020417464,2.5718470016702,215.259422330729,88.5294861512295
2011-07-28 04:00:00,298.779,302.15,298.779,17.361,14.129,1.36826897940427,3.08703676686884,212.342726632777,88.5150239825296
2011-07-28 05:00:00,298.152,301.15,298.152,17.559,16.077,1.77519182062108,3.08668430520518,211.78300266426,118.524536801124
2011-07-28 06:00:00,297.956,299.15,297.956,17.606,16.077,1.96410921284943,1.543086841367,221.677145265796,188.53443759248
2011-07-28 07:00:00,297.87,297.15,297.87,17.267,16.077,1.94534572762787,2.05747126346882,228.50098625927,208.508225257102
2011-07-28 08:00:00,297.808,297.15,297.808,16.864,16.083,2.10696036982189,2.05806948376385,231.590760972834,238.511046865761
2011-07-28 09:00:00,297.734,297.15,297.734,16.567,16.077,2.28986855517953,3.08647193410211,235.317506420946,218.514851371868
2011-07-28 10:00:00,297.591,297.15,297.591,16.393,16.066,2.26687494141163,2.05806316715498,238.897534029095,218.529373406919
2011-07-28 11:00:00,297.577,297.15,297.577,16.396,16.061,2.17430908566377,2.05804105887128,239.42489794515,228.525987681853
2011-07-28 12:00:00,298.71,300.15,298.71,16.762,17.118,2.45903395665859,2.57265874145795,245.185803009465,218.513725723575
2011-07-28 13:00:00,300.499,302.15,300.499,17.044,17.106,2.70691706559326,3.60169029762416,251.698919577205,218.518196391194
2011-07-28 14:00:00,302.539,304.15,302.539,17.435,17.1,2.50849476778406,3.60081338033506,252.244016276469,208.515216536717
2011-07-28 15:00:00,304.709,306.15,304.709,17.479,16.039,2.51466896429729,3.08670196164126,251.305665617322,288.511257059094
2011-07-28 16:00:00,307.058,309.15,307.058,16.029,15.043,2.75514427934364,3.60169029762416,250.183905014334,218.518196391194
2011-07-28 17:00:00,308.702,310.15,308.702,14.38,14.105,3.07265048451658,5.65896987092174,241.841956110374,248.521973378747
2011-07-28 18:00:00,309.535,309.15,309.535,13.918,13.225,3.32116606028666,4.1156167217077,240.409185261999,238.522918343981
2011-07-28 19:00:00,309.893,311.15,309.893,13.857,12.391,3.33397810430723,4.11507630548936,243.396521075825,198.518605092588
2011-07-28 20:00:00,308.812,310.15,308.812,13.798,12.399,3.4047402250392,2.05806948376385,234.853573839681,238.511046865761
2011-07-28 21:00:00,307.707,310.15,307.707,14.379,12.399,3.86294447280827,NA,223.888211215079,NA
2011-07-28 22:00:00,306.748,310.15,306.748,14.926,12.399,3.09477010454735,5.65907271556039,215.770113756272,228.524531501946
2011-07-28 23:00:00,306.272,309.15,306.272,15.002,13.238,2.71503222816968,4.63038335346006,207.603246557158,228.519572395154
2011-07-29 00:00:00,305.217,307.15,305.217,14.255,13.234,2.58999034747236,4.63038335346006,201.304340913155,228.519572395154
2011-07-29 01:00:00,303.838,305.15,303.838,13.348,14.119,3.27289993736442,3.08664364642244,201.603109991583,228.506740084374
2011-07-29 02:00:00,302.616,303.15,302.616,14.048,15.054,3.37533005793508,3.08647193410211,207.202741219673,218.514851371868
2011-07-29 03:00:00,301.622,302.15,301.622,14.932,15.048,3.17694727686816,2.05806316715498,212.244345235134,218.529373406919
2011-07-29 04:00:00,300.801,301.15,300.801,15.533,16.05,2.97763396004277,2.57234231781075,213.604678946107,228.5144397488
2011-07-29 05:00:00,300.078,300.15,300.078,15.965,16.05,2.90393612188698,2.57234231781075,214.888572067426,228.5144397488
2011-07-29 06:00:00,299.475,299.15,299.475,16.228,16.061,2.84931500540042,2.57234231781075,217.38468512538,228.5144397488
2011-07-29 07:00:00,298.938,298.15,298.938,16.392,16.066,2.71138949618088,2.57234231781075,221.935379604536,228.5144397488
2011-07-29 08:00:00,298.467,297.15,298.467,16.481,16.072,2.55165612887003,3.08647193410211,226.699154716912,218.514851371868
2011-07-29 09:00:00,298.085,297.15,298.085,16.456,16.077,2.37384182286858,2.57265874145795,229.869941716281,218.513725723575
2011-07-29 10:00:00,297.748,297.15,297.748,16.372,16.077,2.12640635815453,3.08668430520518,232.98998880094,208.524536801124
2011-07-29 11:00:00,297.642,297.15,297.642,16.391,16.072,1.84705955507666,2.05804105887128,234.408232181128,228.525987681853
2011-07-29 12:00:00,299.03,300.15,299.03,16.663,17.124,2.0339579641674,2.57207775932222,248.543836170576,208.518012789051
2011-07-29 13:00:00,301.412,302.15,301.412,16.591,16.061,2.40829773906799,2.05806948376385,264.448015606107,238.511046865761
2011-07-29 14:00:00,303.897,305.15,303.897,16.439,16.061,2.48721892884402,NA,270.760213015368,NA
2011-07-29 15:00:00,306.252,307.15,306.252,16.009,15.054,2.65594898294376,NA,274.145559228222,NA
2011-07-29 16:00:00,308.527,310.15,308.527,14.599,14.114,3.04449733125191,NA,278.88065915052,NA
2011-07-29 17:00:00,310.084,311.15,310.084,13.324,11.605,3.08992313820263,3.60066799358119,292.631275892551,278.512668645077
2011-07-29 18:00:00,310.918,311.15,310.918,12.803,10.869,2.88696414941371,NA,303.442368994374,NA
2011-07-29 19:00:00,311.403,311.15,311.403,12.511,11.617,2.5595194861536,NA,303.106450598768,NA
2011-07-29 20:00:00,311.609,312.15,311.609,12.304,11.629,2.38234716193925,NA,296.231627277133,NA
2011-07-29 21:00:00,311.481,312.15,311.481,12.239,10.891,2.35406053448079,NA,282.861443156346,NA
2011-07-29 22:00:00,310.953,312.15,310.953,12.395,10.895,2.68092614594285,NA,265.593098996439,NA
2011-07-29 23:00:00,309.872,311.15,309.872,13.114,11.645,2.69257980383126,NA,252.29180855562,NA
2011-07-30 00:00:00,307.704,309.15,307.704,14.853,11.641,2.00113667699135,2.0576826771881,224.716560293378,268.524061937065
2011-07-30 01:00:00,305.439,307.15,305.439,14.731,11.633,2.538201331652,NA,211.203777988132,NA
2011-07-30 02:00:00,303.838,305.15,303.838,15.198,12.416,2.55676553481151,NA,218.999288162238,NA
2011-07-30 03:00:00,302.572,304.15,302.572,15.802,13.256,2.50579009496007,NA,220.338403552965,NA
2011-07-30 04:00:00,301.615,302.15,301.615,16.077,12.416,2.44636894192188,NA,223.85721753979,NA
2011-07-30 05:00:00,300.887,300.15,300.887,15.938,13.252,2.32046374675408,NA,232.705404302573,NA
2011-07-30 06:00:00,300.284,300.15,300.284,15.789,14.148,2.1687971320527,NA,246.638371745306,NA
2011-07-30 07:00:00,299.779,299.15,299.779,15.915,14.148,1.98312001653959,1.54362722183823,251.994464542835,218.503294474351
2011-07-30 08:00:00,299.304,298.15,299.304,16.284,15.09,1.64482217883879,1.54299060269335,268.188328747334,228.520646996059
2011-07-30 09:00:00,299.037,299.15,299.037,16.715,14.148,1.71836259270272,1.54334215260259,302.015986337846,208.524536801124
2011-07-30 10:00:00,298.86,299.15,298.86,16.984,15.084,1.92979817597592,NA,321.966172845919,NA
2011-07-30 11:00:00,298.922,298.15,298.922,17.054,15.079,2.24920830515984,NA,329.752731041262,NA
2011-07-30 12:00:00,300.349,300.15,300.349,17.279,16.077,3.06397389022818,NA,338.156920863167,NA
2011-07-30 13:00:00,302.24,303.15,302.24,17.316,15.069,3.44607617443376,1.543086841367,344.515938549025,8.53443759247989
2011-07-30 14:00:00,304.248,305.15,304.248,17.353,16.066,3.46831890113928,2.57237186269793,354.108591082619,8.51754935287025
2011-07-30 15:00:00,306.234,307.15,306.234,17.034,16.066,3.58337187576171,3.08630588244263,8.39240656090792,68.5226426103652
2011-07-30 16:00:00,307.982,309.15,307.982,16.352,16.066,3.35545704785503,3.60120104964996,16.6959731801314,358.520188160307
2011-07-30 17:00:00,309.377,309.15,309.377,15.479,14.124,3.09134566168198,NA,15.6322516791853,NA
2011-07-30 18:00:00,310.403,310.15,310.403,14.539,13.243,2.79844814138122,NA,5.82467930633405,NA
2011-07-30 19:00:00,310.996,310.15,310.996,13.791,13.252,2.71798105217825,NA,351.771517976466,NA
2011-07-30 20:00:00,311.181,310.15,311.181,13.348,13.265,2.74728684341479,3.60169029762416,342.283931371506,128.518196391194
2011-07-30 21:00:00,310.941,310.15,310.941,13.174,14.168,2.79407694954881,3.08664364642244,337.372248068622,138.506740084374
2011-07-30 22:00:00,310.399,307.15,310.399,13.173,15.121,2.6479580812392,4.11550349289124,337.085527853323,128.518482430036
2011-07-30 23:00:00,309.433,307.15,309.433,13.797,16.116,2.08921827485785,3.60169029762416,351.827235122445,308.518196391194
2011-07-31 00:00:00,307.315,299.15,307.315,15.913,17.147,1.37964633149224,5.14439889588667,9.68079885938508,108.519476589746
2011-07-31 01:00:00,304.951,299.15,304.951,16.297,17.147,1.74431648504507,NA,18.3103026536884,NA
2011-07-31 02:00:00,303.151,299.15,303.151,17.222,18.245,1.75139515815249,NA,83.17931389555,NA
2011-07-31 03:00:00,301.904,297.15,301.904,17.57,17.106,1.93338873483839,4.11533291484419,122.753032157392,48.5167670755
2011-07-31 04:00:00,300.896,297.15,300.896,17.919,17.135,1.34969996665926,2.5726639889422,119.128821388543,68.5211705325566
2011-07-31 05:00:00,300.042,297.15,300.042,18.184,17.147,1.27027910318953,NA,75.1760849189375,NA
2011-07-31 06:00:00,299.42,297.15,299.42,18.325,17.135,1.27250933198936,NA,74.128821388543,NA
2011-07-31 07:00:00,298.995,297.15,298.995,18.473,17.13,1.71230487939502,NA,103.922625923767,NA
2011-07-31 08:00:00,298.607,296.15,298.607,18.731,16.066,1.57249260729582,1.54287685833964,82.215141891439,18.5171521804545
2011-07-31 09:00:00,298.278,296.15,298.278,19.008,16.066,1.79414742983959,NA,90.7345210342548,NA
2011-07-31 10:00:00,298.015,296.15,298.015,18.969,17.13,1.76971975182513,NA,92.5261169116195,NA
2011-07-31 11:00:00,297.986,296.15,297.986,18.672,17.124,1.61789616477696,NA,94.8930437034658,NA
2011-07-31 12:00:00,298.917,297.15,298.917,18.369,17.112,1.8270221673532,NA,103.967789761533,NA
2011-07-31 13:00:00,300.051,298.15,300.051,17.92,18.239,1.79724789609002,NA,112.369730879291,NA
2011-07-31 14:00:00,302.132,299.15,302.132,17.029,18.239,2.27919042644532,NA,122.511681275924,NA
2011-07-31 15:00:00,304.193,300.15,304.193,16.201,19.433,2.95765379988937,NA,129.870059821195,NA
2011-07-31 16:00:00,305.552,300.15,305.552,16.305,20.707,3.16677454202221,2.05809159174221,131.684625167405,158.508769453173
2011-07-31 17:00:00,306.381,301.15,306.381,16.47,19.44,2.76309536570854,3.08664364642244,142.292334680894,48.5067400843741
2011-07-31 18:00:00,304.486,302.15,304.486,19.766,19.447,1.37899274834932,3.08670196164126,159.186217907936,18.511257059094
2011-07-31 19:00:00,304.787,296.15,304.787,19.622,17.112,0.293955778987248,5.65907271556039,201.765215063173,48.5245315019459
2011-07-31 20:00:00,302.225,296.15,302.225,22.741,16.061,1.99543729543176,NA,356.178285219157,NA
2011-07-31 21:00:00,301.249,296.15,301.249,22.148,17.13,1.39795171590438,2.05806316715498,13.0222647451412,38.5293734069191
2011-07-31 22:00:00,300.907,297.15,300.907,21.981,17.135,2.93956357304958,3.08641669254169,26.3122645005558,58.5141136763734
2011-07-31 23:00:00,299.696,297.15,299.696,21.015,17.124,2.83988239193105,2.05806948376385,28.0629926272256,58.5110468657614
