Date Time,Temp Mod (K),Temp Obs (K),Temp Mod2 (K),Q Mod (g/kg),Q Obs (g/kg),WS Mod (m/s),WS Obs (m/s),WD Mod (Deg),WD Obs (Deg)
2016-07-01 00:00:00,302.296,301.45,300.198,18.623,16.829,0.117477657450257,NA,210.712827715159,NA
2016-07-01 01:00:00,300.459,299.25,298.271,19.018,16.824,0.204120062708201,NA,181.965260571921,NA
2016-07-01 02:00:00,299.326,298.75,297.48,18.636,16.817,1.09535793236732,2.59971171478685,119.537265294255,18.5255514883918
2016-07-01 03:00:00,298.281,298.75,296.939,18.004,17.353,1.63032665438556,4.59974184058193,160.731514745858,158.510857516046
2016-07-01 04:00:00,297.923,296.45,296.577,17.479,16.177,2.48840772382662,2.59985634218508,185.488357743161,148.510886243955
2016-07-01 05:00:00,297.502,295.95,296.471,17.694,16.182,2.94114603513664,1.50007233158938,182.650329314475,158.531949173065
2016-07-01 06:00:00,297.165,295.35,296.418,18.071,16.189,2.88947486578444,NA,196.6726542232,NA
2016-07-01 07:00:00,297.04,296.45,296.214,18.149,16.189,2.91432908231037,NA,197.266063199144,NA
2016-07-01 08:00:00,297.333,295.95,295.999,18.122,16.194,3.0405073589781,NA,202.305311002751,NA
2016-07-01 09:00:00,297.327,295.95,295.906,18.017,16.829,2.93251513210077,3.59967901346773,198.984842903292,188.515024795357
2016-07-01 10:00:00,297.041,296.15,296.156,17.921,17.155,2.86034298642663,1.49964329091954,190.657800775854,238.525155605656
2016-07-01 11:00:00,297.169,295.35,296.381,17.811,16.189,3.13887001960897,1.50021065187526,194.709186673608,218.504729487738
2016-07-01 12:00:00,297.922,297.05,296.757,17.878,16.829,3.59213655085661,3.10029934038634,198.873775775055,198.505078260989
2016-07-01 13:00:00,298.897,298.75,297.233,17.641,17.37,3.5762354508617,3.1000606445681,208.055523254014,218.503941026819
2016-07-01 14:00:00,299.42,300.35,298.21,17.484,17.37,3.64983314687124,4.09971913672144,207.035426251805,228.510375864236
2016-07-01 15:00:00,300.136,302.05,298.728,17.498,18.048,3.60487739042537,4.60001956517578,207.759280856609,208.515029745652
2016-07-01 16:00:00,301.305,302.05,299.448,17.636,17.37,3.83448992696551,NA,208.556796315756,NA
2016-07-01 17:00:00,302.739,303.15,300.73,17.519,17.375,4.18815591877857,3.1000606445681,216.122924934435,218.503941026819
2016-07-01 18:00:00,303.5,303.75,302.518,17.214,18.066,4.05587339545997,4.10002792673416,217.214589236717,248.509991656958
2016-07-01 19:00:00,304.309,303.75,301.265,17.017,18.079,3.99283420642531,4.60017010555045,220.459658621013,198.517660758988
2016-07-01 20:00:00,304.974,304.25,300.933,16.631,18.084,4.07388180977308,3.10009677268307,228.433034741269,228.504596483551
2016-07-01 21:00:00,305.025,303.15,300.599,16.275,16.863,4.01491531666609,3.10030595264403,231.360250171091,238.519622404602
2016-07-01 22:00:00,304.091,304.25,300.36,16.146,16.863,3.51581597925716,3.10009677268307,233.302846373334,228.504596483551
2016-07-01 23:00:00,303.614,303.15,299.72,16.757,16.226,2.87199529943905,2.60012076642605,230.184211658588,258.508560911887
2016-07-02 00:00:00,302.381,300.35,299.1,18.124,16.221,1.57688617217604,2.09981189633738,205.183718508277,228.513750260605
2016-07-02 01:00:00,300.725,299.25,298.114,17.599,16.216,2.16955341026673,1.49964329091954,178.705847978089,238.525155605656
2016-07-02 02:00:00,299.893,298.75,297.61,17.179,16.846,3.32334124037842,2.59999769230667,184.296889786957,228.523846144614
2016-07-02 03:00:00,299.16,298.75,297.421,17.329,17.382,3.85195391976592,3.1000606445681,192.748225610238,218.503941026819
2016-07-02 04:00:00,298.631,298.15,297.716,17.523,16.829,3.68993875287924,1.50047059284746,196.824175130363,228.512331825879
2016-07-02 05:00:00,298.015,299.25,297.832,17.551,18.048,3.42571525378278,4.60001956517578,201.922535465978,208.515029745652
2016-07-02 06:00:00,297.106,298.75,297.53,17.883,18.631,3.35999717261786,2.59985634218508,204.43689847617,238.510886243955
2016-07-02 07:00:00,296.306,294.85,297.251,17.392,16.172,2.28748333327262,3.10003241918532,210.64587947538,268.521250539054
2016-07-02 08:00:00,295.917,295.35,297.012,17.275,16.189,1.50176729222606,1.50047059284746,223.408110637071,318.512331825879
2016-07-02 09:00:00,295.722,295.35,296.845,17.247,16.824,1.29489806548624,NA,227.848343378732,NA
2016-07-02 10:00:00,295.584,295.35,296.604,17.173,16.817,1.26721426759645,NA,224.360564723877,NA
2016-07-02 11:00:00,295.99,295.95,296.663,17.465,17.353,1.37697131415291,NA,243.379123137912,NA
2016-07-02 12:00:00,297.03,295.95,296.833,18.104,17.333,1.32184151848851,1.50047059284746,285.623880820555,318.512331825879
2016-07-02 13:00:00,298.217,296.45,297.996,18.185,17.323,1.83354138213458,NA,341.13025195235,NA
2016-07-02 14:00:00,299.314,297.55,299.302,17.903,18.004,2.55821597993602,NA,15.7638860382364,NA
2016-07-02 15:00:00,300.628,300.35,300.531,17.612,15.639,2.70290547374487,3.60028512759754,38.7822986113032,38.5156557273053
2016-07-02 16:00:00,301.803,300.95,301.916,17.397,15.04,2.74115468370539,NA,58.0145573176241,NA
2016-07-02 17:00:00,303.72,302.05,303.661,16.623,15.634,2.52541996507512,1.50021065187526,74.9677435231894,38.504729487738
2016-07-02 18:00:00,304.744,303.15,301.087,16.129,15.643,1.86139356397297,2.59971171478685,100.368168865204,108.525551488392
2016-07-02 19:00:00,304.295,304.25,300.412,16.236,16.807,2.02896032489549,NA,113.406236747498,NA
2016-07-02 20:00:00,303.125,304.25,300.12,16.695,16.812,1.47026290166079,2.59967632600676,66.4688039818097,38.5186859298308
2016-07-02 21:00:00,303.391,303.75,300.571,17.101,16.824,1.21444349395104,3.60028512759754,93.6351928262362,38.5156557273053
2016-07-02 22:00:00,303.647,303.75,300.898,17.421,17.358,1.89670582853536,3.10030595264403,136.815930791152,58.5196224046021
2016-07-02 23:00:00,303.182,300.35,300.375,17.77,16.807,1.59779848541673,4.10017780102278,131.752657209677,208.508972357296
2016-07-03 00:00:00,302.248,299.85,299.503,19.22,16.8,1.04630588261751,NA,122.748387126249,NA
2016-07-03 01:00:00,300.622,299.25,298.436,19.425,16.161,1.44951474638929,4.10017975215721,105.320987846348,98.5134914038432
2016-07-03 02:00:00,299.526,297.55,297.974,19.227,16.154,1.76239864956825,3.59945732020815,119.095653699861,118.50882871424
2016-07-03 03:00:00,298.758,296.45,297.986,18.907,16.145,2.29926770951101,2.60025114171689,124.007990180768,118.506704492823
2016-07-03 04:00:00,297.999,296.45,297.725,19.014,16.154,2.27441179209043,1.49955326680982,118.06359582828,108.507444498507
2016-07-03 05:00:00,297.511,296.45,297.464,18.888,16.161,2.37138461663223,1.50010032997797,157.381993614938,168.502802604112
2016-07-03 06:00:00,297.208,295.95,297.492,18.466,16.8,2.18130328015157,2.59966651707483,176.846396203989,98.5165983228632
2016-07-03 07:00:00,296.754,295.95,297.514,18.224,16.8,0.933182190142954,2.09975474758363,175.266951407468,18.5212375822525
2016-07-03 08:00:00,296.391,296.15,297.547,17.929,17.137,1.18381248515126,2.0995306618385,148.189569444065,118.505917362979
2016-07-03 09:00:00,296.15,295.35,297.566,17.7,16.8,0.88145447982298,3.60025624088064,126.232870753928,18.5104372898001
2016-07-03 10:00:00,296.071,295.35,297.128,17.582,16.807,0.486201604275428,3.10002145153868,159.030174447537,78.5197066920923
2016-07-03 11:00:00,296.435,295.95,296.607,17.91,16.795,0.485314331129836,NA,157.080445167533,NA
2016-07-03 12:00:00,297.162,296.45,296.719,18.567,17.34,0.620079027221531,NA,202.470601997063,NA
2016-07-03 13:00:00,298.303,297.55,296.783,19.274,18.009,0.7226264595211,1.49950725239993,249.082032901437,268.509652155873
2016-07-03 14:00:00,298.91,298.15,296.19,19.386,17.328,0.933287201240861,2.09972045758477,303.860336800412,358.499024794909
2016-07-03 15:00:00,298.991,298.75,296.051,19.513,17.323,1.73243239406333,3.10060010320583,346.003862769057,338.507422652155
2016-07-03 16:00:00,299.614,295.95,296.713,19.356,16.138,2.19373745010655,3.60025624088064,3.34498893379671,18.5104372898001
2016-07-03 17:00:00,299.947,297.05,297.574,19.104,16.138,2.75488674903343,4.10021316519032,3.74628558193896,18.5144894189967
2016-07-03 18:00:00,298.235,297.05,298.126,18.33,16.138,3.46483621546531,4.10017780102278,357.303578076216,28.5089723572962
2016-07-03 19:00:00,297.434,296.45,298.026,17.605,16.138,3.47655289043616,3.10029934038634,358.978146811497,18.5050782609887
2016-07-03 20:00:00,296.838,295.95,298.22,17.076,16.145,3.43112867727225,3.10029934038634,1.46965678245061,18.5050782609887
2016-07-03 21:00:00,296.348,295.95,298.383,16.682,15.628,3.26320976953674,4.10021316519032,7.80233255295579,18.5144894189967
2016-07-03 22:00:00,295.953,295.35,298.237,16.319,15.628,3.06670327876696,3.59945732020815,11.0351258926939,28.5088287142395
2016-07-03 23:00:00,295.666,295.35,298.002,15.987,15.034,3.12553819365561,4.09949960361018,12.6222592377868,58.5161061377024
2016-07-04 00:00:00,295.572,295.15,297.471,15.716,14.076,2.79968301777183,2.05747126346882,25.0181298197159,28.5082252571017
2016-07-04 01:00:00,295.286,295.15,296.522,15.431,14.081,2.59746645791625,3.60127782877134,26.9201857583061,58.5123610458819
2016-07-04 02:00:00,294.907,295.15,295.827,15.158,14.081,2.47892274990569,2.57240840458898,26.782118760188,58.5282003343841
2016-07-04 03:00:00,294.542,294.15,295.308,14.892,14.076,2.29357450282305,2.05804105887128,35.3808625680409,48.5259876818531
2016-07-04 04:00:00,294.315,294.15,294.896,14.707,14.081,1.97830280796444,2.0582490131177,40.7363740876525,78.5099098801795
2016-07-04 05:00:00,294.167,294.15,294.598,14.552,14.09,1.78527588904348,1.54287685833964,46.4071410838978,108.517152180455
2016-07-04 06:00:00,294.02,294.15,294.408,14.414,14.081,1.63804548166405,NA,54.4663883338802,NA
2016-07-04 07:00:00,294.004,294.15,294.28,14.296,14.09,1.80744156198755,NA,59.2917595306409,NA
2016-07-04 08:00:00,294.069,294.15,294.455,14.181,15.038,2.05906240799059,3.08668430520518,59.4371069486983,28.524536801124
2016-07-04 09:00:00,294.091,294.15,294.467,14.107,15.038,2.26341556060746,2.57265874145795,58.0724314589089,38.513725723575
2016-07-04 10:00:00,294.087,294.15,294.444,14.103,15.033,2.2666717892099,2.05806948376385,61.6598680508481,58.5110468657614
2016-07-04 11:00:00,294.245,294.15,294.436,14.244,15.023,2.25188298985538,NA,77.7968427499154,NA
2016-07-04 12:00:00,294.663,294.15,294.582,14.566,15.023,2.28207098925515,2.05804105887128,82.3954019585175,48.5259876818531
2016-07-04 13:00:00,295.164,294.15,294.856,14.999,15.033,2.59195389619491,4.11545866216635,97.1140490753576,98.5238815802428
2016-07-04 14:00:00,295.723,294.15,295.438,15.494,15.023,2.38277674153497,NA,103.493862734135,NA
2016-07-04 15:00:00,296.953,295.15,296.352,16.341,16.028,1.87827820090635,3.08647193410211,109.274210702641,128.514851371868
2016-07-04 16:00:00,297.874,296.15,297.902,17.112,16.033,1.44694505769915,3.60103165773366,123.898734383893,138.523699274317
2016-07-04 17:00:00,299.714,297.15,299.372,18.237,17.089,1.03443946173761,NA,139.194443191794,NA
2016-07-04 18:00:00,301.942,298.15,300.973,18.803,17.1,2.11271129120853,3.08664364642244,182.903033800515,138.506740084374
2016-07-04 19:00:00,302.925,299.15,302.538,18.975,17.118,2.53139585999503,NA,207.223012653884,NA
2016-07-04 20:00:00,304.554,299.15,304.507,19.314,18.264,2.2472391951014,NA,224.603370983511,NA
2016-07-04 21:00:00,305.562,301.15,302.45,19.379,18.264,1.78128745574655,2.57265874145795,215.840550265571,128.513725723575
2016-07-04 22:00:00,305.464,302.15,301.495,19.468,19.467,2.2308484932868,2.57265874145795,194.167055522631,128.513725723575
2016-07-04 23:00:00,304.511,302.15,300.94,20.645,19.48,2.11536568942583,2.05806948376385,177.941057379739,148.511046865761
2016-07-05 00:00:00,303.117,301.15,300.447,19.78,19.48,3.06238665096359,1.54334215260259,187.80729773881,118.524536801124
2016-07-05 01:00:00,301.55,300.15,299.877,19.201,19.487,2.17703651783795,NA,183.898106716615,NA
2016-07-05 02:00:00,300.31,299.15,299.367,19.304,18.282,2.09245430057624,5.1449334300844,177.863701751874,168.519713876785
2016-07-05 03:00:00,299.576,297.15,299.183,19.566,17.153,2.67614667012105,2.5718470016702,174.768742388289,178.529486151229
2016-07-05 04:00:00,299.248,297.15,299.28,19.832,18.295,3.23400061842913,2.05772933108317,179.964566622011,188.523881580243
2016-07-05 05:00:00,299.072,298.15,298.934,18.48,18.301,3.94827557295587,2.5718470016702,190.979799508006,178.529486151229
2016-07-05 06:00:00,298.833,297.15,298.408,17.793,18.301,4.37744640172784,2.05747126346882,197.536735860989,208.508225257102
2016-07-05 07:00:00,298.534,298.15,298.019,17.636,18.308,4.37211710730625,4.11541990567184,202.20050717024,208.520459388195
2016-07-05 08:00:00,298.209,297.15,297.591,17.81,18.308,4.23173073339975,1.54362722183823,206.014030759471,308.503294474351
2016-07-05 09:00:00,297.957,296.15,297.037,18.011,17.177,4.02080601372411,1.54299060269335,211.15193137362,228.520646996059
2016-07-05 10:00:00,297.733,297.15,296.653,17.915,18.308,3.75892710756673,2.05747126346882,214.387627777004,208.508225257102
2016-07-05 11:00:00,297.882,297.15,296.968,17.73,18.301,3.66020177039463,3.08647193410211,216.926251052689,218.514851371868
2016-07-05 12:00:00,299.122,299.15,298.271,17.662,18.295,4.16018677465327,3.60127782877134,226.246634213857,238.512361045882
2016-07-05 13:00:00,300.671,300.15,299.712,17.755,18.289,4.51763666091022,4.1156167217077,233.360927913219,238.522918343981
2016-07-05 14:00:00,302.337,302.15,301.321,17.87,19.48,4.40754670990564,3.08641669254169,237.13199297267,238.514113676373
2016-07-05 15:00:00,303.953,304.15,303.164,17.918,19.487,4.34142660884645,3.60103165773366,238.382122625914,228.523699274317
2016-07-05 16:00:00,305.409,305.15,304.631,17.948,19.493,4.44405951805329,3.08664364642244,239.193229928994,228.506740084374
2016-07-05 17:00:00,306.602,306.15,306.658,17.521,19.5,4.68731927651616,NA,242.270494131356,NA
2016-07-05 18:00:00,307.301,307.15,307.766,17.346,20.778,4.84712141378778,5.65907271556039,240.796140641058,228.524531501946
2016-07-05 19:00:00,307.591,306.15,305.272,17.417,19.514,5.11758947161649,3.60103165773366,241.536972343679,228.523699274317
2016-07-05 20:00:00,307.302,308.15,304.634,17.457,19.534,4.89638233801242,5.65913067528927,237.205714632833,218.514339648586
2016-07-05 21:00:00,307.192,306.15,305.348,17.9,20.814,4.57706510768637,2.05809159174221,231.680361278699,248.508769453173
2016-07-05 22:00:00,303.48,299.15,304.472,23.797,18.333,1.61970429399937,NA,218.985757007694,NA
2016-07-05 23:00:00,301.982,297.55,303.137,23.431,18.097,2.23787622535296,NA,284.042453046261,NA
2016-07-06 00:00:00,NA,NA,NA,NA,NA,NA,NA,NA,NA
2016-07-06 01:00:00,297.708,297.15,300.267,19.544,17.177,1.47584416521528,3.08647193410211,160.361844796482,218.514851371868
2016-07-06 02:00:00,297.343,297.15,299.633,18.911,17.171,1.89644114066322,4.11541990567184,173.703181281016,208.520459388195
2016-07-06 03:00:00,297.014,296.15,298.892,18.356,17.177,2.21643407301007,2.05806316715498,194.688301228209,218.529373406919
2016-07-06 04:00:00,296.875,296.15,298.39,18.199,17.165,2.59913004676565,2.05806948376385,208.645646064657,238.511046865761
2016-07-06 05:00:00,296.962,296.15,297.918,18.487,17.165,2.68970964975776,2.05804105887128,220.113771246475,228.525987681853
2016-07-06 06:00:00,296.984,296.15,297.592,18.381,17.165,2.66418054943729,3.08664364642244,235.552395775226,228.506740084374
2016-07-06 07:00:00,296.494,296.15,297.348,17.569,17.171,2.6298022739362,2.57265874145795,244.117009216095,218.513725723575
2016-07-06 08:00:00,295.878,296.15,297.072,16.814,17.182,2.47127861642511,2.57265874145795,246.308227390579,218.513725723575
2016-07-06 09:00:00,295.375,295.15,296.714,16.277,17.177,2.35127624918894,2.05804105887128,248.126190262165,228.525987681853
2016-07-06 10:00:00,294.974,295.15,296.341,15.904,17.171,2.16313776722612,2.05806316715498,248.892126772836,218.529373406919
2016-07-06 11:00:00,295.131,296.15,296.747,15.951,17.159,1.986013343359,2.05806316715498,248.123589068579,218.529373406919
2016-07-06 12:00:00,296.435,297.15,297.997,16.807,18.289,2.15145764541159,2.57234231781075,257.08123459986,228.5144397488
2016-07-06 13:00:00,298.108,300.15,299.516,17.816,18.289,2.24076527106254,NA,259.326939675752,NA
2016-07-06 14:00:00,299.888,301.15,301.303,18.593,18.282,2.56189714859906,3.08647193410211,265.500092732728,218.514851371868
2016-07-06 15:00:00,301.394,302.15,303.017,19.265,19.487,2.74796979604944,3.60103165773366,271.522245263101,228.523699274317
2016-07-06 16:00:00,303.223,302.15,305.057,18.607,19.473,2.99467477366074,4.63047783711357,275.864797913381,238.520576276753
2016-07-06 17:00:00,305.036,302.15,303.293,17.06,18.282,3.63132262405862,NA,271.546452568941,NA
2016-07-06 18:00:00,305.866,305.15,302.869,16.531,18.295,3.97069590877972,4.11533291484419,264.290842667024,228.5167670755
2016-07-06 19:00:00,306.15,305.15,304.431,16.462,18.308,4.25644757984872,4.62973573759885,252.569689175215,258.512892172367
2016-07-06 20:00:00,306.128,303.15,305.411,16.43,17.177,4.41688181865895,6.1730738696374,245.338109954761,358.514783452479
2016-07-06 21:00:00,304.978,300.15,304.573,16.566,18.32,4.4317772958487,1.54315294122132,266.830926957332,338.522642610365
2016-07-06 22:00:00,303.548,303.15,303.869,17.951,18.326,2.60810371726279,NA,289.85923206467,NA
2016-07-06 23:00:00,303.175,304.15,303.655,17.171,18.326,3.04039027100141,1.54285222882815,283.368927507692,258.522557779673
2016-07-07 00:00:00,301.741,302.15,302.652,16.792,18.314,1.82962646460965,1.54285222882815,266.92960565869,258.522557779673
2016-07-07 01:00:00,299.8,300.15,300.749,16.611,18.32,1.77888335761511,1.54315294122132,239.643869718162,248.522642610365
2016-07-07 02:00:00,298.594,300.15,299.286,16.815,19.514,1.68809537645241,2.05804105887128,221.97459839283,228.525987681853
2016-07-07 03:00:00,297.723,299.15,298.389,16.916,19.507,1.91725063567599,1.54299060269335,217.796352713025,228.520646996059
2016-07-07 04:00:00,297.218,299.15,297.987,16.837,18.314,1.96404200566078,4.6300991350078,221.056942644007,218.510998421644
2016-07-07 05:00:00,296.926,298.15,297.516,17.22,18.32,2.14056908321128,2.57265874145795,226.627928295765,218.513725723575
2016-07-07 06:00:00,296.69,297.15,296.999,17.503,17.2,2.23857208952493,2.57265874145795,236.79265095042,218.513725723575
2016-07-07 07:00:00,296.431,296.15,296.562,17.485,17.212,2.20042632232938,3.08647193410211,238.491436419605,218.514851371868
2016-07-07 08:00:00,296.243,297.15,296.183,17.496,17.218,2.28069835795968,2.57207775932222,238.135752234019,208.518012789051
2016-07-07 09:00:00,296.08,296.15,295.952,17.484,17.206,2.23678564015419,2.57234231781075,238.491506265789,228.5144397488
2016-07-07 10:00:00,295.941,296.15,295.826,17.394,17.2,2.08645392951774,3.60103165773366,244.233230641723,228.523699274317
2016-07-07 11:00:00,296.338,296.15,296.397,17.297,17.194,2.07268183762004,3.60169029762416,250.93564467973,218.518196391194
2016-07-07 12:00:00,297.88,297.15,298.118,17.438,17.182,2.44447335841485,2.57234231781075,260.795851929193,228.5144397488
2016-07-07 13:00:00,299.915,299.15,300.19,17.614,17.171,2.85291938196648,2.5726639889422,261.026329308724,248.521170532557
2016-07-07 14:00:00,301.907,301.15,302.487,17.788,16.11,3.16891811191138,3.08641669254169,260.023441542758,238.514113676373
2016-07-07 15:00:00,303.349,302.15,304.736,17.665,16.11,3.53934033401706,3.08664364642244,262.744469572707,228.506740084374
2016-07-07 16:00:00,302.468,304.15,306.389,17.669,15.115,3.32535020712105,NA,252.589443299612,NA
2016-07-07 17:00:00,302.615,305.15,307.492,17.812,16.121,3.3060243495776,4.1156167217077,236.160925329678,238.522918343981
2016-07-07 18:00:00,303.888,305.15,306.382,17.875,17.206,3.54384677998358,5.14468463562151,222.781584227998,228.5144397488
2016-07-07 19:00:00,305.414,306.15,304.172,16.864,17.212,4.62816950856383,5.14448617453677,222.942406437429,238.512886788184
2016-07-07 20:00:00,306.207,306.15,303.878,15.691,17.218,5.48610699859199,4.11581692984516,229.168748637991,248.521722462159
2016-07-07 21:00:00,305.818,304.15,302.111,16.111,18.371,5.6310150061956,4.62973573759885,232.997826770713,258.512892172367
2016-07-07 22:00:00,303.744,302.15,294.23,17.406,17.242,4.07758384340531,2.57207775932222,234.099695534063,208.518012789051
2016-07-07 23:00:00,300.953,301.15,295.453,19.265,17.248,3.99407824159718,1.54287685833964,269.641368106856,288.517152180455
2016-07-08 00:00:00,299.165,299.15,295.939,18.752,18.364,2.67436366263079,10.8033112053666,282.196507068162,238.516883653763
2016-07-08 01:00:00,298.325,297.15,295.833,17.983,17.224,2.70482993920135,2.57240840458898,271.419390494404,238.528200334384
2016-07-08 02:00:00,297.862,297.15,295.998,17.563,17.218,2.77493062976356,2.57234231781075,262.629124493518,228.5144397488
2016-07-08 03:00:00,297.332,297.15,296.541,17.208,17.212,2.3577094816792,2.05806948376385,267.252882760413,238.511046865761
2016-07-08 04:00:00,296.911,297.15,296.997,17.124,17.212,2.12599952963306,2.05809159174221,250.576409285825,248.508769453173
2016-07-08 05:00:00,296.654,297.15,297.179,17.136,17.212,2.51288678614855,3.08701441525627,253.872951968466,278.513328442881
2016-07-08 06:00:00,296.591,296.15,296.912,16.896,16.143,3.0336751638895,2.5726639889422,263.812062706399,248.521170532557
2016-07-08 07:00:00,296.529,297.15,296.209,16.379,16.143,3.42845300390716,NA,277.255605975139,NA
2016-07-08 08:00:00,296.359,296.15,295.682,15.914,16.138,3.43464772575005,2.5726639889422,285.294621928249,248.521170532557
2016-07-08 09:00:00,296.127,296.15,295.294,15.665,15.126,3.20547734354807,2.57240840458898,291.177391141871,238.528200334384
2016-07-08 10:00:00,295.879,296.15,295.015,15.631,15.126,2.79636782273005,1.543086841367,293.879273783806,278.53443759248
2016-07-08 11:00:00,295.983,296.15,295.327,15.881,15.121,2.40143498766883,NA,288.374589846554,NA
2016-07-08 12:00:00,297.314,297.15,296.676,16.516,16.127,2.72065764108607,NA,280.739967309911,NA
2016-07-08 13:00:00,299.362,300.15,298.538,17.265,16.121,2.95811781374576,NA,274.245695132781,NA
2016-07-08 14:00:00,301.589,302.15,300.435,17.807,17.188,3.25620284994654,3.08630588244263,266.760631171194,248.522642610365
2016-07-08 15:00:00,303.708,304.15,301.96,17.307,17.188,4.10034974118062,3.08641669254169,265.551995980398,238.514113676373
2016-07-08 16:00:00,305.157,305.15,303.512,16.674,17.188,4.63258200143289,2.57234231781075,261.359153828799,228.5144397488
2016-07-08 17:00:00,306.268,306.15,304.594,16.638,17.194,4.9497895914877,5.65888372384519,258.828545110077,268.521596742584
2016-07-08 18:00:00,306.868,306.15,305.241,17.056,17.194,5.36810143346789,4.11545866216635,269.647776284321,278.523881580243
2016-07-08 19:00:00,307.084,305.15,303.167,17.307,17.206,4.97517326331455,4.11581692984516,266.335306146414,248.521722462159
2016-07-08 20:00:00,307.311,307.15,302.691,17.429,19.554,4.57346127129114,3.60103165773366,257.908742863701,228.523699274317
2016-07-08 21:00:00,307.347,307.15,303.996,17.444,19.561,4.36812545607381,2.57240840458898,252.328286034136,238.528200334384
2016-07-08 22:00:00,306.947,306.15,304.536,17.468,19.568,4.11509914825876,3.08641669254169,250.539112369697,238.514113676373
2016-07-08 23:00:00,305.921,306.15,304.081,18.886,19.574,2.77531709899968,2.57234231781075,240.562400384507,228.5144397488
2016-07-09 00:00:00,304.153,300.15,302.248,19.895,14.172,2.04734388904258,6.17318799324952,243.422433362327,8.5238815802428
2016-07-09 01:00:00,300.312,296.15,300.76,21.089,17.2,2.93441391081763,1.54351838343442,325.454269353949,268.51502398253
2016-07-09 02:00:00,298.386,296.15,299.8,19.189,16.121,2.1233993971931,1.54287685833964,320.906141113771,18.5171521804545
2016-07-09 03:00:00,297.461,296.15,299.06,18.483,16.132,1.41376801491617,3.60169029762416,312.878903603339,128.518196391194
2016-07-09 04:00:00,296.907,295.15,298.562,18.246,16.127,1.24667317288855,1.54287685833964,277.142117864516,108.517152180455
2016-07-09 05:00:00,296.544,295.15,298.077,18.077,16.121,1.24544610481546,2.05806316715498,267.238677840569,218.529373406919
2016-07-09 06:00:00,296.338,295.15,297.666,17.883,16.138,1.43775415144593,2.05809159174221,267.169435709522,248.508769453173
2016-07-09 07:00:00,296.241,294.15,297.143,17.726,16.143,1.76732707782119,2.57234231781075,268.897670549,228.5144397488
2016-07-09 08:00:00,296.144,294.15,296.66,17.368,16.138,2.04860196231479,2.05804105887128,260.248005746818,228.525987681853
2016-07-09 09:00:00,295.902,294.15,296.3,16.959,15.131,2.27663984854873,2.05804105887128,254.327702464168,228.525987681853
2016-07-09 10:00:00,295.58,294.15,296.012,16.577,14.182,2.38383975971541,2.05804105887128,251.00260072741,228.525987681853
2016-07-09 11:00:00,295.723,294.15,296.356,16.555,15.121,2.63051667928565,3.08668430520518,250.986464752182,208.524536801124
2016-07-09 12:00:00,296.852,296.15,297.507,17.338,16.121,3.16995473153798,2.05809159174221,255.792790291136,248.508769453173
2016-07-09 13:00:00,298.323,298.15,298.877,18.151,16.116,3.62041226934171,2.57240840458898,260.717198083021,238.528200334384
2016-07-09 14:00:00,299.931,300.15,300.338,18.569,17.182,3.69016124308952,3.60110122046021,262.792172424467,258.515328733636
2016-07-09 15:00:00,301.293,301.15,301.792,18.493,18.308,3.77176576685244,3.6012445071114,268.845428314726,248.514714176757
2016-07-09 16:00:00,303.279,303.15,304.517,17.099,18.308,3.77445095345005,4.11545866216635,272.06491306547,278.523881580243
2016-07-09 17:00:00,305.017,304.15,306.364,15.697,18.314,3.81403788654491,5.14448617453677,269.744619349398,238.512886788184
2016-07-09 18:00:00,305.984,305.15,307.272,15.678,18.32,3.84085250953483,3.6012445071114,259.620435031074,248.514714176757
2016-07-09 19:00:00,306.453,305.15,307.647,16.367,17.194,4.27382089002335,3.60110122046021,251.501459882975,258.515328733636
2016-07-09 20:00:00,306.485,305.15,307.711,16.651,17.206,4.79911345979651,3.60110122046021,252.901659830595,258.515328733636
2016-07-09 21:00:00,306.241,306.15,307.453,16.316,17.212,4.7094511357482,4.11531894268233,245.31238053781,258.520780069216
2016-07-09 22:00:00,305.79,305.15,306.683,16.394,16.149,4.41464709801361,3.08668446719129,241.919878614764,258.526251333559
2016-07-09 23:00:00,304.838,304.15,304.014,17.792,16.143,2.72839000144774,3.6012445071114,239.713330790145,248.514714176757
2016-07-10 00:00:00,303.368,302.15,301.051,18.955,16.138,1.90193427857011,2.5726639889422,233.810943488287,248.521170532557
2016-07-10 01:00:00,301.503,301.15,299.46,18.56,16.132,1.90565474312636,1.54315294122132,242.09022443422,248.522642610365
2016-07-10 02:00:00,300.171,298.15,298.413,18.088,16.127,2.17030504768339,1.54285222882815,267.359077585966,258.522557779673
2016-07-10 03:00:00,299.102,299.15,297.743,16.178,16.116,2.21075055128343,NA,281.930036463766,NA
2016-07-10 04:00:00,298.197,299.15,296.795,14.481,16.116,2.38000609242918,NA,283.931145855112,NA
2016-07-10 05:00:00,297.384,296.15,295.986,13.821,16.116,2.40564689844541,NA,301.278273585542,NA
2016-07-10 06:00:00,296.654,296.15,295.477,13.558,16.116,2.23807439554631,NA,314.511232694669,NA
2016-07-10 07:00:00,296.025,295.15,295.125,13.167,15.105,2.41129052583881,NA,319.406437231092,NA
2016-07-10 08:00:00,295.439,295.15,294.651,12.86,15.105,2.31775106514915,NA,324.588764690021,NA
2016-07-10 09:00:00,294.898,294.15,294.304,12.723,14.158,2.14474916948346,NA,325.005791268993,NA
2016-07-10 10:00:00,294.406,294.15,293.954,12.659,14.153,1.92396283747894,NA,318.772052707428,NA
2016-07-10 11:00:00,294.356,294.15,294.462,12.931,14.143,1.73805437199185,NA,312.178336569971,NA
2016-07-10 12:00:00,295.515,296.15,296.51,13.439,15.079,2.0283828534081,NA,312.142581959391,NA
2016-07-10 13:00:00,297.481,298.15,298.967,14.014,14.124,2.128451080011,1.54287685833964,312.867631563446,288.517152180455
2016-07-10 14:00:00,299.609,300.15,301.094,14.372,13.229,2.42660276930527,2.05772933108317,313.814508942846,278.523881580243
2016-07-10 15:00:00,301.594,301.15,302.616,13.889,13.234,2.67660026899797,NA,306.844210232406,NA
2016-07-10 16:00:00,303.038,302.15,303.731,13.094,14.124,2.85709817822209,NA,302.449659463741,NA
2016-07-10 17:00:00,304.022,303.15,304.615,12.563,13.234,3.05201982300247,4.11507630548936,300.303733197196,288.518605092588
2016-07-10 18:00:00,304.695,304.15,305.27,12.223,13.234,3.23648528499667,4.11545866216635,296.596719422859,278.523881580243
2016-07-10 19:00:00,304.976,304.15,305.753,12.195,12.395,3.39804326046623,NA,291.892210962653,NA
2016-07-10 20:00:00,304.966,304.15,305.779,12.007,13.238,3.3618239097252,NA,285.598919149903,NA
2016-07-10 21:00:00,304.637,303.15,305.482,11.956,13.243,3.33803190518006,2.57219944794334,284.202764192162,288.519476589746
2016-07-10 22:00:00,303.955,304.15,304.924,12.074,14.139,3.13036818920714,NA,288.186064791901,NA
2016-07-10 23:00:00,302.942,303.15,304.03,13.055,13.252,2.11128989009089,NA,298.920175272958,NA
2016-07-11 00:00:00,301.198,302.15,302.249,15.271,13.243,1.31577543676723,NA,328.013079944266,NA
2016-07-11 01:00:00,299.256,299.15,300.074,15.137,14.124,1.63901098226949,NA,0.209745662857358,NA
2016-07-11 02:00:00,297.885,298.15,298.533,15.163,15.059,1.52334795762492,NA,17.852138699138,NA
2016-07-11 03:00:00,296.894,297.15,297.569,14.942,16.055,1.57383925481607,NA,23.1603487175494,NA
2016-07-11 04:00:00,296.145,297.15,296.909,14.654,15.054,1.65130251619744,NA,19.9712489518058,NA
2016-07-11 05:00:00,295.547,296.15,296.43,14.424,15.054,1.69961789823478,NA,22.5213251211639,NA
2016-07-11 06:00:00,295.094,297.15,296.118,14.179,15.059,1.59526361457911,NA,27.030860259843,NA
2016-07-11 07:00:00,294.777,296.15,295.9,13.883,16.066,1.38175323411961,NA,28.9579432384178,NA
2016-07-11 08:00:00,294.529,296.15,295.676,13.63,16.055,1.3770856908704,NA,32.4552369084948,NA
2016-07-11 09:00:00,294.361,296.15,295.431,13.362,16.055,1.35848297744212,NA,34.0176021014953,NA
2016-07-11 10:00:00,294.232,296.15,295.116,12.987,16.055,1.36010073156366,NA,35.6650015368618,NA
2016-07-11 11:00:00,294.467,296.15,295.662,13.018,16.05,1.34220005960363,NA,36.8528224624684,NA
2016-07-11 12:00:00,296.068,298.15,297.919,13.386,17.1,1.49661284238777,1.54287685833964,36.6325384310846,18.5171521804545
2016-07-11 13:00:00,298.047,300.15,300.337,13.877,17.089,1.42719620234921,NA,49.1766298023021,NA
2016-07-11 14:00:00,300.276,302.15,302.325,13.998,16.028,1.59488588933503,NA,70.7811602166931,NA
2016-07-11 15:00:00,302.442,301.15,304.045,12.854,18.214,2.05834302291916,2.05772933108317,104.805902433498,8.5238815802428
2016-07-11 16:00:00,303.84,303.15,305.244,12.29,17.089,2.36941786099455,2.05769701365386,120.287768206104,18.5318065106854
2016-07-11 17:00:00,304.762,304.15,306.112,12.739,16.028,2.34093058419083,NA,131.987212495817,NA
2016-07-11 18:00:00,305.433,304.15,306.379,13.354,16.039,2.2564345769377,3.60152203936058,145.563404023603,108.520472356887
2016-07-11 19:00:00,305.827,305.15,305.889,13.91,15.048,2.1188282138956,2.05769701365386,159.760450370924,108.531806510685
2016-07-11 20:00:00,305.857,304.15,305.522,14.404,15.054,1.78669807186329,2.57234231781075,157.52567445527,138.5144397488
2016-07-11 21:00:00,304.035,302.15,304.035,17.303,16.061,1.50573636470665,2.05769701365386,159.350428911694,108.531806510685
2016-07-11 22:00:00,302.642,302.15,303.259,19.593,16.055,0.606884667791171,NA,155.673246296086,NA
2016-07-11 23:00:00,301.367,301.15,301.238,19.382,17.112,1.32025489963113,3.60152203936058,159.052846048286,198.520472356887
2016-07-12 00:00:00,300.476,300.15,299.857,19.199,17.112,1.50700398141478,NA,177.908454190638,NA
2016-07-12 01:00:00,299.314,297.15,299.074,19.057,17.1,1.53737210850204,2.05804105887128,201.842933174828,228.525987681853
2016-07-12 02:00:00,298.316,297.15,298.585,19.011,17.1,1.29506949620474,2.05806316715498,223.654688290574,218.529373406919
2016-07-12 03:00:00,297.695,297.15,298.129,18.845,17.1,0.893134368390334,NA,267.11196624688,NA
2016-07-12 04:00:00,297.088,296.15,297.707,18.586,17.094,1.27621706617644,2.57234231781075,344.036103686574,228.5144397488
2016-07-12 05:00:00,296.569,296.15,297.378,18.208,17.1,1.47358406614621,NA,10.0440177113131,NA
2016-07-12 06:00:00,296.214,296.15,297.145,17.803,17.1,1.2809059294109,NA,31.8536569039908,NA
2016-07-12 07:00:00,295.939,296.15,296.903,17.295,17.106,1.18320285665646,2.05804105887128,53.0041990521284,228.525987681853
2016-07-12 08:00:00,295.625,296.15,296.682,17.058,17.106,0.908824515514409,NA,69.4513335027857,NA
2016-07-12 09:00:00,295.43,295.15,296.48,16.913,16.044,0.714694340260226,NA,94.9766856710476,NA
2016-07-12 10:00:00,295.291,295.15,296.347,16.844,16.044,0.600308254149483,NA,107.348330928687,NA
2016-07-12 11:00:00,295.606,296.15,296.397,17.011,16.039,0.424241676406267,NA,104.887919024095,NA
2016-07-12 12:00:00,297.096,297.15,296.757,17.407,17.089,0.536121254941454,NA,163.86376567242,NA
2016-07-12 13:00:00,298.042,298.15,297.993,17.524,17.083,0.314841229828623,NA,184.189342902481,NA
2016-07-12 14:00:00,298.538,300.15,300.071,17.716,17.077,0.563838629396745,NA,143.800792089167,NA
2016-07-12 15:00:00,300.886,301.15,301.752,18.352,17.077,1.14702441124851,1.54299060269335,125.311213439633,48.5206469960585
2016-07-12 16:00:00,302.775,304.15,301.426,17.9,18.207,1.326804431708,NA,133.839583197777,NA
2016-07-12 17:00:00,304.474,304.15,301.047,17.322,17.089,1.41131888671554,NA,158.598146709544,NA
2016-07-12 18:00:00,NA,NA,NA,NA,NA,NA,NA,NA,NA
2016-07-12 19:00:00,305.139,304.25,303.493,17.68,16.788,2.87858732714504,3.10030595264403,191.969642144102,148.519622404602
2016-07-12 20:00:00,304.973,304.15,302.884,18.015,18.251,2.98649292649422,3.08630588244263,182.341217901963,158.522642610365
2016-07-12 21:00:00,305.025,304.15,302.404,18.139,18.251,3.23328594466991,2.57234231781075,180.762008431176,138.5144397488
2016-07-12 22:00:00,304.342,305.15,302.016,18.527,18.257,3.24006327098716,5.14439889588667,196.477359065508,198.519476589746
2016-07-12 23:00:00,303.335,303.15,301.349,19.301,18.264,2.35016786634487,2.5724667150422,200.031012680898,78.5197138767845
2016-07-13 00:00:00,302.278,302.15,300.453,19.486,19.453,1.95514526314543,NA,175.100073315792,NA
2016-07-13 01:00:00,301.128,300.15,299.482,19.412,19.447,1.78458510584393,2.05804105887128,165.792445932305,48.5259876818531
2016-07-13 02:00:00,299.165,296.15,298.966,20.188,17.112,1.1746676125611,NA,203.160162766551,NA
2016-07-13 03:00:00,298.323,296.15,298.649,19.592,17.106,0.938008528745874,3.08647193410211,136.64151122861,38.5148513718676
2016-07-13 04:00:00,298.038,296.15,298.369,19.523,17.094,2.25684957407444,1.54334215260259,329.924478963166,118.524536801124
2016-07-13 05:00:00,297.732,296.15,298.141,19.254,17.094,1.63771822973306,NA,49.4821881192364,NA
2016-07-13 06:00:00,297.613,296.15,297.922,19.285,17.1,1.02386571385119,NA,126.220744878187,NA
2016-07-13 07:00:00,297.442,296.15,297.882,19.205,17.106,1.09081437467609,NA,233.424247519582,NA
2016-07-13 08:00:00,297.229,296.15,297.734,19.038,17.112,0.606082502634749,NA,269.054610895536,NA
2016-07-13 09:00:00,296.996,296.15,297.591,18.812,17.118,0.952475721475356,NA,273.189840447556,NA
2016-07-13 10:00:00,296.827,296.15,297.31,18.427,17.112,1.46400580599942,NA,284.558307858683,NA
2016-07-13 11:00:00,296.726,296.15,297.135,18.163,17.1,1.58066726416409,1.54320834627085,284.546151013958,238.514113676373
2016-07-13 12:00:00,297.388,297.15,297.604,18.438,18.22,1.58586884703622,2.05804105887128,280.757257209072,228.525987681853
2016-07-13 13:00:00,298.81,299.15,300.046,18.815,18.207,1.59388142595364,1.54362722183823,271.905559695536,218.503294474351
2016-07-13 14:00:00,300.654,301.15,301.844,18.301,17.083,1.92255064952786,3.60127782877134,261.022725394564,238.512361045882
2016-07-13 15:00:00,NA,NA,NA,NA,NA,NA,NA,NA,NA
2016-07-13 16:00:00,NA,NA,NA,NA,NA,NA,NA,NA,NA
2016-07-13 17:00:00,305.869,305.15,303.489,15.466,17.089,3.33531677655961,4.11581692984516,291.511121010039,248.521722462159
2016-07-13 18:00:00,306.806,306.15,303.857,14.909,17.1,3.50250453247387,NA,290.85664187292,NA
2016-07-13 19:00:00,307.227,306.15,306.319,14.693,17.112,3.2785138401416,2.0576826771881,281.025460940649,268.524061937065
2016-07-13 20:00:00,307.259,307.15,307.435,14.896,18.251,3.1411980198644,4.62945882366395,265.160620376503,248.522642610365
2016-07-13 21:00:00,306.929,307.15,305.713,15.34,16.066,3.1082028569577,3.6012445071114,251.582538951338,248.514714176757
2016-07-13 22:00:00,306.351,306.15,305.27,15.803,17.135,2.8932894773942,2.05809159174221,238.540394329186,248.508769453173
2016-07-13 23:00:00,305.447,302.15,304.909,17.393,17.135,1.89066681358721,NA,231.032560002911,NA
2016-07-14 00:00:00,303.894,300.15,303.594,20.209,18.264,1.11586244672002,NA,215.627211701042,NA
2016-07-14 01:00:00,302.036,300.15,301.887,20.749,17.135,1.40340051303967,NA,185.028097520398,NA
2016-07-14 02:00:00,300.603,300.15,300.396,21.032,18.251,1.5758048737074,NA,168.46901458856,NA
2016-07-14 03:00:00,299.596,299.15,299.522,20.442,17.112,1.66898562006987,NA,167.121173685832,NA
2016-07-14 04:00:00,298.923,298.15,298.741,19.881,17.112,1.6497384641209,NA,176.142030984113,NA
2016-07-14 05:00:00,298.403,299.15,298.106,19.359,17.118,1.62029688637607,NA,186.769745839679,NA
2016-07-14 06:00:00,298.005,298.15,297.667,19.029,17.124,1.66405408565948,NA,198.935811369851,NA
2016-07-14 07:00:00,297.654,297.15,297.288,18.821,17.135,1.60145746118965,NA,210.841041406986,NA
2016-07-14 08:00:00,297.35,296.15,296.914,18.434,17.141,1.54812951654569,NA,219.417002579221,NA
2016-07-14 09:00:00,297.035,296.15,296.58,18.022,17.147,1.47410515228731,NA,226.48429938792,NA
2016-07-14 10:00:00,296.674,296.15,296.336,17.71,17.141,1.30141538334231,NA,226.30761137526,NA
2016-07-14 11:00:00,296.779,297.15,296.959,17.606,17.141,1.16662118958983,NA,226.840892242945,NA
2016-07-14 12:00:00,298.288,299.15,299.083,18.003,19.46,1.29430483271909,1.54299060269335,247.993082860101,228.520646996059
2016-07-14 13:00:00,300.253,301.15,301.631,18.683,19.453,1.2928603946289,NA,252.34987578007,NA
2016-07-14 14:00:00,302.498,302.15,304.098,18.759,18.251,1.63228337000657,NA,252.530806018331,NA
2016-07-14 15:00:00,304.639,305.15,306.394,18.083,19.44,1.8089831397777,NA,257.484933933351,NA
2016-07-14 16:00:00,306.563,306.15,307.675,15.902,18.245,2.07854011267524,2.05809159174221,272.205776434359,248.508769453173
2016-07-14 17:00:00,307.658,307.15,308.505,15.083,18.257,2.05400389483564,3.60169029762416,270.111578786919,218.518196391194
2016-07-14 18:00:00,308.319,308.15,309.24,14.768,18.264,2.18844236844382,2.5718470016702,252.22740062445,268.529486151229
2016-07-14 19:00:00,308.66,308.15,308.904,14.635,17.153,2.62973325643496,3.60103165773366,235.645207975058,228.523699274317
2016-07-14 20:00:00,308.616,307.15,308.472,14.724,16.094,3.10582758697259,2.57237186269793,226.395908763154,278.51754935287
2016-07-14 21:00:00,308.21,308.15,308.073,15.006,17.165,3.37592239247291,2.05769701365386,222.575086731955,198.531806510685
2016-07-14 22:00:00,307.51,307.15,307.948,15.416,17.171,3.26850485696442,2.5726639889422,225.71894867947,248.521170532557
2016-07-14 23:00:00,306.381,305.15,304.604,17.742,16.11,1.83285569535629,2.5726639889422,218.620751832387,248.521170532557
2016-07-15 00:00:00,304.6,305.15,302.821,20.035,16.105,1.73103495054259,1.543086841367,198.560551353573,188.53443759248
2016-07-15 01:00:00,302.854,304.15,301.565,18.091,17.159,2.50119191586731,3.08670196164126,189.202470644928,198.511257059094
2016-07-15 02:00:00,301.621,301.15,300.747,17.589,17.153,2.52657574594549,2.05804105887128,193.574235100215,228.525987681853
2016-07-15 03:00:00,300.849,300.15,300.308,17.803,17.147,2.75787327482609,1.54362722183823,198.78314730132,218.503294474351
2016-07-15 04:00:00,300.332,300.15,299.913,17.827,18.276,2.95753444612231,NA,204.511293644071,NA
2016-07-15 05:00:00,299.872,300.15,299.432,17.644,17.153,3.12703309864159,2.57219944794334,204.565266857264,198.519476589746
2016-07-15 06:00:00,299.392,299.15,298.928,17.841,17.159,2.95437099904531,3.08647193410211,206.148740396292,218.514851371868
2016-07-15 07:00:00,298.926,299.15,298.441,17.902,17.159,2.73158873185551,3.08668430520518,208.037939449324,208.524536801124
2016-07-15 08:00:00,298.533,299.15,298.074,17.746,17.159,2.61292116222438,3.08664364642244,209.861833499419,228.506740084374
2016-07-15 09:00:00,298.145,298.15,297.758,17.6,17.165,2.36463971885782,2.57265874145795,209.405270131277,218.513725723575
2016-07-15 10:00:00,297.729,298.15,297.461,17.49,17.159,2.18636707805437,3.60169029762416,209.601861550953,218.518196391194
2016-07-15 11:00:00,297.623,298.15,297.809,17.576,17.153,2.06506585851396,2.05809159174221,208.836320119631,248.508769453173
2016-07-15 12:00:00,298.808,299.15,299.63,17.963,18.276,2.51448324711063,3.08664364642244,215.188026889995,228.506740084374
2016-07-15 13:00:00,300.552,301.15,301.495,18.002,18.264,2.76973428328423,3.08647193410211,221.575130370733,218.514851371868
2016-07-15 14:00:00,302.262,303.15,303.26,17.884,18.264,2.69359777992186,1.54351838343442,227.000851257573,268.51502398253
2016-07-15 15:00:00,303.856,303.15,305.045,17.847,18.264,2.48125230478482,2.05806948376385,229.331080537348,238.511046865761
2016-07-15 16:00:00,305.297,304.15,306.504,17.608,17.135,2.35434746798343,2.5718470016702,229.340633544544,268.529486151229
2016-07-15 17:00:00,306.502,306.15,307.717,17.187,18.264,2.47416672841585,3.60081338033506,225.016374900815,208.515216536717
2016-07-15 18:00:00,307.31,307.15,303.859,17.035,17.147,2.8117524784376,2.0582490131177,218.647078687645,258.50990988018
2016-07-15 19:00:00,307.784,307.15,303.597,16.727,17.159,3.09407902290811,4.63038335346006,219.426212898111,228.519572395154
2016-07-15 20:00:00,307.895,307.15,305.311,16.286,18.301,3.0253510540101,2.0576826771881,226.513424655953,268.524061937065
2016-07-15 21:00:00,306.47,302.15,303.536,17.631,12.429,2.84831336056972,4.11541990567184,240.744153240331,298.520459388195
2016-07-15 22:00:00,301.317,296.15,302.109,22.056,16.099,1.95722712018815,2.5724667150422,260.975629441897,78.5197138767845
2016-07-15 23:00:00,300.195,296.15,301.924,21.109,16.083,1.19950406418653,9.26025237237085,216.115169484811,168.52018769993
2016-07-16 00:00:00,299.206,295.15,301.14,20.84,16.061,0.846274187246663,3.08630588244263,318.928717192551,68.5226426103652
2016-07-16 01:00:00,298.511,295.15,299.899,19.999,17.118,1.27695340557124,3.08630588244263,332.531937756112,158.522642610365
2016-07-16 02:00:00,297.967,296.15,298.981,19.285,16.061,0.431093957276137,NA,1.19625773723845,NA
2016-07-16 03:00:00,297.757,295.15,298.238,19.459,17.112,1.24797756390089,1.54287685833964,174.38990964168,198.517152180455
2016-07-16 04:00:00,297.518,296.15,297.576,19.259,17.106,1.24308809020117,NA,201.322101328974,NA
2016-07-16 05:00:00,297.46,296.15,297.151,18.915,17.1,1.64621292668962,NA,206.28487844927,NA
2016-07-16 06:00:00,297.341,296.15,296.921,18.863,17.1,1.75938909852255,NA,218.074918261607,NA
2016-07-16 07:00:00,297.223,296.15,296.715,18.822,17.106,1.98263108015586,2.05769701365386,218.528924070106,198.531806510685
2016-07-16 08:00:00,296.972,296.15,296.54,18.449,17.135,1.75855423572888,NA,222.718597944476,NA
2016-07-16 09:00:00,296.831,295.15,296.416,18.202,17.135,1.39018991508355,2.05747126346882,224.708569250262,208.508225257102
2016-07-16 10:00:00,296.666,296.15,296.282,18.033,17.124,1.1446309448901,3.08703676686884,201.634095875105,178.51502398253
2016-07-16 11:00:00,296.626,296.15,296.741,17.986,17.106,1.24521684858502,2.05809159174221,188.032494647025,158.508769453173
2016-07-16 12:00:00,296.779,296.15,297.87,17.939,17.094,1.73453682578376,4.11541990567184,182.412071949152,208.520459388195
2016-07-16 13:00:00,297.048,297.15,299.121,17.948,17.089,1.92147079082665,4.11541990567184,183.909283408869,208.520459388195
2016-07-16 14:00:00,298.197,297.15,300.271,18.366,17.083,2.26574689672081,3.60103165773366,196.539383247511,228.523699274317
2016-07-16 15:00:00,299.562,299.15,302.359,18.983,18.201,2.82415385558223,3.08664364642244,202.615183155314,228.506740084374
2016-07-16 16:00:00,300.217,299.15,304.141,18.886,18.195,3.04641953775247,4.11533291484419,206.598695201111,228.5167670755
2016-07-16 17:00:00,301.593,300.15,302.337,18.589,18.201,3.14612475912828,3.08664364642244,214.235580812436,228.506740084374
2016-07-16 18:00:00,302.912,301.15,301.22,17.675,18.207,3.45331290212746,4.63038335346006,221.384147262934,228.519572395154
2016-07-16 19:00:00,303.867,301.15,300.922,17.48,18.214,3.90852862340805,3.60081338033506,229.004379746603,208.515216536717
2016-07-16 20:00:00,304.146,302.15,301.004,17.355,18.232,3.68727609489715,3.08641669254169,229.432413707931,238.514113676373
2016-07-16 21:00:00,304.517,303.15,300.518,17.31,18.239,3.42769383113486,NA,225.815585261544,NA
2016-07-16 22:00:00,303.813,303.15,300.089,17.492,18.239,3.77534382540187,2.5726639889422,236.002663020095,248.521170532557
2016-07-16 23:00:00,300.82,300.15,299.83,19.084,17.106,4.40922668956814,4.11550349289124,218.221452951443,128.518482430036
2016-07-17 00:00:00,297.47,299.15,299.231,18.27,16.033,2.88458419880578,4.62973573759885,203.516781211019,168.512892172367
2016-07-17 01:00:00,296.675,295.15,298.665,17.527,16.001,1.81473992627043,4.11507630548936,218.714046927617,18.5186050925882
2016-07-17 02:00:00,296.206,295.15,298.477,16.906,15.995,1.72959243754128,3.60110122046021,224.812606458825,348.515328733636
2016-07-17 03:00:00,295.896,295.15,298.371,16.686,16.001,1.16786643071886,NA,176.760299703898,NA
2016-07-17 04:00:00,295.86,295.15,298.244,16.908,15.995,1.55086072875678,3.08664364642244,156.757750023494,138.506740084374
2016-07-17 05:00:00,295.973,295.15,298.134,17.118,15.99,1.67901399636811,2.57265874145795,173.433701379254,218.513725723575
2016-07-17 06:00:00,296.106,295.15,297.953,17.366,15.995,1.85641051494544,3.08647193410211,193.646991482426,218.514851371868
2016-07-17 07:00:00,296.166,295.15,297.631,17.477,16.001,1.94316365754406,3.08647193410211,206.828781326059,218.514851371868
2016-07-17 08:00:00,296.133,295.15,297.256,17.476,16.006,1.8542518707015,3.60081338033506,211.143931345442,208.515216536717
2016-07-17 09:00:00,296.016,294.15,297.027,17.409,16.006,1.68094794684428,1.54362722183823,215.704096600572,308.503294474351
2016-07-17 10:00:00,295.798,294.15,296.95,17.257,15.008,1.55420526314898,NA,220.773233449071,NA
2016-07-17 11:00:00,295.883,294.15,297.113,17.291,15.99,1.66953316828388,2.57207775932222,224.538925746915,208.518012789051
2016-07-17 12:00:00,296.701,295.15,297.68,17.722,15.984,2.2596747553575,3.60103165773366,239.201485846875,228.523699274317
2016-07-17 13:00:00,297.427,296.15,298.08,17.892,17.036,2.16752969991186,1.54320834627085,241.897969541723,238.514113676373
2016-07-17 14:00:00,298.301,297.15,298.869,18.092,17.025,2.06263060192561,2.0576826771881,237.211365110881,268.524061937065
2016-07-17 15:00:00,299.582,298.15,299.627,18.324,17.013,1.88860001058985,2.05772933108317,233.136169894058,278.523881580243
2016-07-17 16:00:00,300.892,299.15,301.126,18.555,17.002,1.7881132514469,1.54285222882815,238.096512077546,348.522557779673
2016-07-17 17:00:00,302.458,301.15,302.026,18.034,18.127,1.80272016685896,2.57265874145795,205.285705484702,218.513725723575
2016-07-17 18:00:00,303.963,303.15,302.195,17.205,18.139,2.14219513583614,2.05806948376385,189.946004942417,238.511046865761
2016-07-17 19:00:00,304.749,304.15,301.643,16.683,17.031,2.35934312892381,NA,184.52163350159,NA
2016-07-17 20:00:00,305.006,305.15,302.353,16.614,17.036,2.6951218896369,2.5726639889422,183.169216951533,248.521170532557
2016-07-17 21:00:00,304.844,304.15,302.594,16.693,17.042,2.83755828133979,2.05809159174221,186.556485352139,158.508769453173
2016-07-17 22:00:00,304.389,304.15,302.657,16.852,15.979,2.92057682658751,2.05804105887128,188.565687269257,138.525987681853
2016-07-17 23:00:00,303.618,304.15,302.61,17.236,17.036,2.62815905150354,2.57234231781075,194.364067348112,228.5144397488
2016-07-18 00:00:00,302.406,301.15,301.886,18.44,18.158,1.45211638652003,NA,191.88256166304,NA
2016-07-18 01:00:00,300.653,299.15,300.384,18.795,17.036,1.54200518805872,NA,179.85137314916,NA
2016-07-18 02:00:00,299.367,298.15,299.277,19.149,18.145,1.69343024657055,NA,164.905123892075,NA
2016-07-18 03:00:00,298.765,297.15,298.524,18.725,18.139,2.60777989868777,NA,173.305565973228,NA
2016-07-18 04:00:00,298.273,297.15,297.929,18.814,18.139,2.88036889998486,2.05806948376385,188.988138512229,238.511046865761
2016-07-18 05:00:00,297.924,297.15,297.507,18.817,18.139,2.86763752939593,2.05804105887128,200.387673142931,228.525987681853
2016-07-18 06:00:00,297.565,297.15,297.143,18.8,18.139,2.56544284676155,1.54299060269335,210.032978325922,228.520646996059
2016-07-18 07:00:00,297.202,297.15,296.821,18.679,17.025,2.16990345407348,1.54362722183823,214.883862023877,218.503294474351
2016-07-18 08:00:00,296.925,297.15,296.454,18.474,18.152,1.94531488453669,3.60081338033506,217.900815831274,208.515216536717
2016-07-18 09:00:00,296.75,296.15,296.118,18.318,17.031,2.14685677212058,3.60081338033506,222.016968290417,208.515216536717
2016-07-18 10:00:00,296.73,296.15,295.869,18.31,17.025,2.38202099067158,2.57234231781075,223.84335399753,228.5144397488
2016-07-18 11:00:00,296.967,296.15,296.141,18.241,17.019,2.4909116804897,4.11541990567184,222.380451204605,208.520459388195
2016-07-18 12:00:00,297.605,297.15,296.909,18.376,17.013,2.44853343861177,2.05806948376385,220.926171989768,238.511046865761
2016-07-18 13:00:00,298.659,298.15,299.153,18.637,18.127,2.58659351271127,2.05804105887128,220.358629356731,228.525987681853
2016-07-18 14:00:00,300.01,301.15,301.818,18.903,18.127,2.71090390829332,3.60127782877134,215.390261874947,238.512361045882
2016-07-18 15:00:00,302.025,302.15,304.379,19.055,19.314,2.99980882724216,3.60110122046021,211.491134039915,258.515328733636
2016-07-18 16:00:00,303.872,304.15,306.205,18.467,19.314,3.20256537794313,4.11541990567184,212.930865966384,208.520459388195
2016-07-18 17:00:00,305.346,305.15,307.071,17.643,18.133,3.52015823507978,3.60103165773366,214.95868467001,228.523699274317
2016-07-18 18:00:00,306.286,306.15,307.405,16.946,18.152,3.81028096076917,4.11533291484419,213.969495884724,228.5167670755
2016-07-18 19:00:00,306.746,306.15,307.518,16.673,18.164,4.02520123720541,3.60103165773366,211.664385834055,228.523699274317
2016-07-18 20:00:00,306.84,306.15,307.009,16.573,17.048,4.11321577357668,3.60127782877134,212.005383208083,238.512361045882
2016-07-18 21:00:00,306.574,307.15,304.842,16.665,17.06,4.05441845398326,4.11533291484419,211.145524183496,228.5167670755
2016-07-18 22:00:00,306.009,306.15,304.17,16.885,17.071,3.74273082120529,3.08641669254169,215.341923312427,238.514113676373
2016-07-18 23:00:00,305.074,305.15,303.632,17.948,17.077,2.73429643601421,2.5726639889422,209.321226703544,248.521170532557
2016-07-19 00:00:00,303.61,302.15,302.143,18.886,18.201,2.07572951031679,2.05804105887128,200.678810164022,228.525987681853
2016-07-19 01:00:00,301.953,302.15,300.256,18.7,18.189,2.03079147132343,4.62989643512682,194.398913449782,198.52495646207
2016-07-19 02:00:00,300.868,302.15,299.905,18.56,18.183,2.44729013400537,4.6300991350078,201.627509786595,218.510998421644
2016-07-19 03:00:00,300.052,301.15,299.501,18.328,18.176,2.34401365183738,3.60103165773366,205.253163394574,228.523699274317
2016-07-19 04:00:00,299.443,300.15,298.994,18.211,19.367,2.70336124112187,2.57234231781075,204.033503425498,228.5144397488
2016-07-19 05:00:00,298.913,300.15,298.605,18.378,18.183,2.80683326900619,3.60169029762416,203.807042117392,218.518196391194
2016-07-19 06:00:00,298.446,299.15,298.32,18.527,18.189,2.73304848109213,2.05806948376385,204.99916268925,238.511046865761
2016-07-19 07:00:00,298.058,298.15,298.056,18.612,18.189,2.62086436123657,2.57234231781075,210.723807019495,228.5144397488
2016-07-19 08:00:00,297.715,297.15,297.762,18.639,18.189,2.33074601790929,1.54320834627085,218.502402662417,238.514113676373
2016-07-19 09:00:00,297.385,297.15,297.537,18.608,18.183,1.89528071799404,1.54299060269335,230.7169742244,228.520646996059
2016-07-19 10:00:00,297.062,297.15,297.359,18.511,18.176,1.51841134084279,NA,240.919740528967,NA
2016-07-19 11:00:00,297.114,297.15,297.599,18.436,18.17,1.42145735074957,1.54285222882815,254.536302531087,258.522557779673
2016-07-19 12:00:00,298.505,299.15,298.986,18.504,18.164,1.54432185764497,NA,306.150120642118,NA
2016-07-19 13:00:00,300.329,301.15,300.868,18.441,18.164,1.68655447584713,NA,330.714419003934,NA
2016-07-19 14:00:00,302.295,302.15,302.68,17.673,17.036,2.1196143517159,2.05809159174221,343.950639348532,338.508769453173
2016-07-19 15:00:00,303.691,304.15,304.341,16.902,17.031,1.95836870890034,1.54315294122132,358.888168371603,338.522642610365
2016-07-19 16:00:00,304.772,305.15,304.273,16.626,17.025,1.48984730761243,3.08701441525627,4.11849656949633,8.51332844288146
2016-07-19 17:00:00,305.689,305.15,302.612,16.501,15.979,1.21032433669657,NA,343.586416117434,NA
2016-07-19 18:00:00,306.389,305.15,303.347,16.024,17.048,1.44250649911881,NA,319.751979614862,NA
2016-07-19 19:00:00,306.712,306.15,304.4,15.519,16.001,2.56780061531265,2.57219944794334,327.597261415545,288.519476589746
2016-07-19 20:00:00,306.216,306.15,302.93,15.678,16.017,3.46538598138793,1.54315294122132,345.699094259394,248.522642610365
2016-07-19 21:00:00,305.726,306.15,301.739,15.766,17.094,2.71998272053335,3.6012445071114,347.450629145597,248.514714176757
2016-07-19 22:00:00,305.224,306.15,301.978,15.732,17.089,2.43034339137497,2.5726639889422,334.141357125305,248.521170532557
2016-07-19 23:00:00,304.359,305.15,301.659,16.183,16.033,2.06045456149851,2.05804105887128,332.763398917758,318.525987681853
2016-07-20 00:00:00,302.773,302.15,300.849,18.238,17.083,1.33514980432909,NA,344.891667772165,NA
2016-07-20 01:00:00,300.841,299.15,299.727,18.465,14.067,1.54961188689297,4.11550349289124,11.9553075802567,128.518482430036
2016-07-20 02:00:00,299.449,297.15,299.129,18.829,14.057,1.38496642558583,4.11507630548936,43.5371979014655,108.518605092588
2016-07-20 03:00:00,298.39,297.15,298.734,17.785,14.982,2.85713037854418,4.62989643512682,62.0985588187986,108.52495646207
2016-07-20 04:00:00,297.452,297.15,298.599,16.86,14.057,1.77427675406065,2.5724667150422,98.002230589227,168.519713876785
2016-07-20 05:00:00,296.915,296.15,298.328,16.782,14.987,1.36886558872667,4.11507630548936,142.569217695788,198.518605092588
2016-07-20 06:00:00,296.489,295.15,298.094,16.954,15.002,0.994223817859943,2.05806948376385,152.764853300697,238.511046865761
2016-07-20 07:00:00,296.083,296.15,297.785,17.046,16.001,0.391429431698742,2.05804105887128,325.091920816436,318.525987681853
2016-07-20 08:00:00,295.674,295.15,297.363,16.803,15.995,0.82549197452186,1.54351838343442,5.97994209364376,358.51502398253
2016-07-20 09:00:00,295.398,295.15,296.697,16.639,14.997,0.975133324217771,2.05806316715498,25.3825080737371,218.529373406919
2016-07-20 10:00:00,295.139,295.15,296.241,16.385,15.995,1.11092393979066,1.54299060269335,22.5484535439961,318.520646996059
2016-07-20 11:00:00,295.094,295.15,296.257,16.207,15.99,1.76845384446414,NA,36.4227896907596,NA
2016-07-20 12:00:00,295.805,297.15,296.353,16.356,15.984,2.0276718176273,2.0582490131177,37.8080696261174,348.50990988018
2016-07-20 13:00:00,297.163,298.15,296.902,16.521,15.979,2.16176640736228,4.63002645780777,35.8149729035712,28.524536801124
2016-07-20 14:00:00,298.907,300.15,297.913,16.606,15.979,2.2996804125791,3.60120104964996,42.074251494027,358.520188160307
2016-07-20 15:00:00,300.493,301.15,299.644,16.773,17.031,2.4366903783616,3.08647193410211,47.7611085588993,38.5148513718676
2016-07-20 16:00:00,301.934,302.15,301.634,16.887,15.979,2.71548246173677,4.6300991350078,49.7648807059177,38.5109984216437
2016-07-20 17:00:00,303.161,302.15,302.359,16.578,15.979,3.00240986542477,3.60120104964996,47.7943460095211,88.5201881603068
2016-07-20 18:00:00,304.025,304.15,301.391,16.206,15.984,3.23189139669018,NA,48.5122136746115,NA
2016-07-20 19:00:00,304.398,305.15,301.621,15.628,15.99,3.29008267373329,2.57234231781075,48.9189220292283,48.5144397487999
2016-07-20 20:00:00,304.723,304.15,302.86,14.912,16.001,3.13186988874059,NA,48.0155071329703,NA
2016-07-20 21:00:00,303.717,305.15,303.444,14.588,15.008,2.88207737578296,3.08668446719129,39.3397620095002,78.5262513335595
2016-07-20 22:00:00,303.799,304.15,303.125,14.634,16.012,2.7148637166532,3.08664364642244,36.4773512982444,48.5067400843741
2016-07-20 23:00:00,303.34,304.15,302.699,14.691,16.012,2.54817424835901,2.05747126346882,32.6298486309149,28.5082252571017
2016-07-21 00:00:00,302.004,302.15,301.6,15.76,16.001,1.68169676220179,2.57219944794334,24.522905607729,18.5194765897459
2016-07-21 01:00:00,300.194,299.15,299.856,15.9,15.995,1.58340455980144,NA,19.6708626087466,NA
2016-07-21 02:00:00,298.759,298.15,298.423,16.357,17.048,1.71999331394049,NA,26.37138443319,NA
2016-07-21 03:00:00,297.699,297.15,297.227,16.556,17.042,1.55221261430256,NA,30.1660988733621,NA
2016-07-21 04:00:00,296.841,296.15,296.371,16.549,17.048,1.48982482191699,NA,36.5391564519062,NA
2016-07-21 05:00:00,296.124,297.15,295.776,16.348,15.984,1.51392106795566,1.54362722183823,40.0430099559869,128.503294474351
2016-07-21 06:00:00,295.559,297.15,295.343,16.028,15.99,1.48510774019934,1.54351838343442,39.6178625111789,88.5150239825296
2016-07-21 07:00:00,295.14,295.15,295.072,15.68,15.995,1.37047218140318,NA,39.1364459087827,NA
2016-07-21 08:00:00,294.777,295.15,294.919,15.456,15.995,1.15600173010251,NA,36.7707700985323,NA
2016-07-21 09:00:00,294.532,295.15,294.802,15.349,15.99,1.11411534411837,1.54299060269335,33.6900675259798,318.520646996059
2016-07-21 10:00:00,294.353,294.15,294.701,15.379,15.99,1.08142914700872,NA,33.190450411872,NA
2016-07-21 11:00:00,294.571,295.15,295.179,15.532,15.984,1.06771250812192,2.05809159174221,34.7766070190872,68.508769453173
2016-07-21 12:00:00,296.154,297.15,296.565,16.248,17.031,1.08823526868044,NA,48.5763343749973,NA
2016-07-21 13:00:00,298.328,299.15,299.52,16.928,17.031,1.10665667666174,1.54334215260259,53.7099783891207,118.524536801124
2016-07-21 14:00:00,300.552,301.15,302.139,17.048,15.968,1.37124541931778,NA,78.7720122348573,NA
2016-07-21 15:00:00,302.464,302.15,304.118,16.129,15.973,1.60719662767192,NA,92.9959242319793,NA
2016-07-21 16:00:00,303.916,303.15,305.128,14.798,15.973,1.69932986791853,2.05769701365386,100.476742338743,108.531806510685
2016-07-21 17:00:00,304.852,304.15,305.517,13.99,14.047,1.81466167645652,2.5724667150422,104.22768815613,168.519713876785
2016-07-21 18:00:00,304.744,304.15,305.442,13.387,12.332,1.568808465046,2.05806316715498,107.279948454877,128.529373406919
2016-07-21 19:00:00,304.044,305.15,305.75,13.391,14.057,1.8439991865508,2.57237186269793,137.659427978125,188.51754935287
2016-07-21 20:00:00,304.928,305.15,305.554,13.34,13.18,1.66872076753422,2.57265874145795,147.157497702501,128.513725723575
2016-07-21 21:00:00,304.686,305.15,305.272,13.339,14.076,1.24945788244342,2.5718470016702,135.032425451837,178.529486151229
2016-07-21 22:00:00,304.057,305.15,302.644,13.841,13.198,1.46605456924359,3.08664364642244,139.814130628603,138.506740084374
2016-07-21 23:00:00,303.37,304.15,301.526,14.856,14.086,1.59022671339655,3.08664364642244,140.383568877697,138.506740084374
2016-07-22 00:00:00,302.171,302.15,300.195,16.022,14.081,1.44535843305389,2.57234231781075,143.978455576625,138.5144397488
2016-07-22 01:00:00,300.518,301.15,298.818,15.544,15.018,1.84426597864842,2.57240840458898,142.645451642359,148.528200334384
2016-07-22 02:00:00,299.377,300.15,298.033,15.441,15.008,2.00331749855084,2.0582490131177,150.581485782765,168.50990988018
2016-07-22 03:00:00,298.568,299.15,297.305,15.279,15.002,1.99842462955199,2.05806316715498,150.831222202227,128.529373406919
2016-07-22 04:00:00,297.945,298.15,296.73,15.129,15.008,2.06670994578339,2.05809159174221,154.092067015918,158.508769453173
2016-07-22 05:00:00,297.446,298.15,296.34,15.109,15.013,2.12753472357092,2.5724667150422,160.219367480543,168.519713876785
2016-07-22 06:00:00,297.06,298.15,295.932,15.974,16.022,2.25969400583353,3.08701441525627,181.420056060794,188.513328442881
2016-07-22 07:00:00,296.751,297.15,295.614,16.703,16.028,2.23983503856869,2.05806948376385,193.161424633639,238.511046865761
2016-07-22 08:00:00,296.419,296.15,295.412,17.016,17.094,2.07979734589695,2.57207775932222,194.450503109822,208.518012789051
2016-07-22 09:00:00,296.11,296.15,295.258,17.142,17.094,1.9836234521703,3.08647193410211,190.720793551222,218.514851371868
2016-07-22 10:00:00,295.9,296.15,295.186,17.178,17.094,1.92140469448786,1.54315294122132,188.560255431583,158.522642610365
2016-07-22 11:00:00,296.088,296.15,295.774,17.253,17.083,2.11246704116301,1.54299060269335,188.548200306607,228.520646996059
2016-07-22 12:00:00,297.589,297.15,297.816,17.783,17.083,2.36185096904949,4.11550349289124,194.365728812369,218.518482430036
2016-07-22 13:00:00,299.72,300.15,300.075,18.383,17.089,2.58918558624136,2.57234231781075,199.610656115119,228.5144397488
2016-07-22 14:00:00,301.556,301.15,302.451,18.533,17.094,2.95384664463137,4.11533291484419,206.521678150152,228.5167670755
2016-07-22 15:00:00,303.177,303.15,302.544,18.608,18.22,3.29734014017359,4.63010118679927,205.585864340016,188.520363548381
2016-07-22 16:00:00,304.448,304.15,304.255,18.391,18.226,3.76758224860453,5.65876205543227,207.231567452999,208.521571441181
2016-07-22 17:00:00,305.109,305.15,303.107,17.879,18.232,3.96905278372561,5.65907271556039,212.592980237794,228.524531501946
2016-07-22 18:00:00,306.181,305.15,303.232,17.155,17.106,3.92445983544233,5.14448617453677,218.201506516351,238.512886788184
2016-07-22 19:00:00,306.462,306.15,304.152,16.496,18.245,3.91274085520623,3.60127782877134,221.155619416383,238.512361045882
2016-07-22 20:00:00,306.682,306.15,304.996,16.048,18.257,3.57351605565163,4.63038335346006,224.036279048123,228.519572395154
2016-07-22 21:00:00,306.335,306.15,305.856,16.041,18.27,3.35664073144565,4.11507630548936,222.645711926025,198.518605092588
2016-07-22 22:00:00,305.622,306.15,305.544,16.483,18.282,3.16725906739566,6.17356793110759,209.486844480923,168.517155980846
2016-07-22 23:00:00,304.603,304.15,304.683,17.307,16.094,3.23201376853503,2.5724667150422,189.025158560354,168.519713876785
2016-07-23 00:00:00,303.092,301.15,303.526,17.991,17.153,2.65548677270289,3.08647193410211,185.98754813399,218.514851371868
2016-07-23 01:00:00,301.623,300.15,302.269,18.062,16.077,2.54695602631848,6.17368617602158,193.556107235825,238.518960849836
2016-07-23 02:00:00,300.527,299.15,301.335,18.076,16.077,2.67040708507149,2.05772933108317,197.770011079356,188.523881580243
2016-07-23 03:00:00,299.642,297.15,300.596,17.865,16.072,2.41914447687607,2.05804105887128,198.360052421774,228.525987681853
2016-07-23 04:00:00,298.997,296.15,299.938,17.867,16.072,2.42485896497095,2.57234231781075,200.520093629859,228.5144397488
2016-07-23 05:00:00,298.435,296.15,299.36,18.089,17.135,2.50065051536595,2.0582490131177,197.645161999726,258.50990988018
2016-07-23 06:00:00,297.93,296.15,298.847,18.243,16.072,2.40682799551609,2.05804105887128,199.767518720043,228.525987681853
2016-07-23 07:00:00,297.489,296.15,298.339,18.312,16.077,2.23061538594174,1.54299060269335,202.62184080084,228.520646996059
2016-07-23 08:00:00,297.11,296.15,297.862,18.353,16.088,2.05013194697317,2.57207775932222,203.576569100657,208.518012789051
2016-07-23 09:00:00,296.779,296.15,297.444,18.3,16.094,1.84134869049835,1.54299060269335,205.78575416618,228.520646996059
2016-07-23 10:00:00,296.493,296.15,297.131,18.148,16.088,1.57366483089634,1.54285222882815,210.133260075962,258.522557779673
2016-07-23 11:00:00,296.534,296.15,297.294,18.106,17.153,1.47834637348627,NA,214.249033006812,NA
2016-07-23 12:00:00,297.881,298.15,298.546,18.479,17.147,1.75692572409877,2.05806948376385,230.311341865014,238.511046865761
2016-07-23 13:00:00,299.864,300.15,300.863,18.769,17.147,1.61376981010304,NA,241.783407193687,NA
2016-07-23 14:00:00,301.844,302.15,303.035,18.953,18.276,1.41520669868398,NA,247.875313729117,NA
2016-07-23 15:00:00,303.876,304.15,305.301,18.547,18.27,1.15695505530682,NA,245.051917669893,NA
2016-07-23 16:00:00,305.766,305.15,307.184,17.107,19.467,0.95453653675488,NA,231.208951642783,NA
2016-07-23 17:00:00,307.163,305.15,307.576,15.652,18.27,1.24905924599276,2.05809159174221,197.230884598612,248.508769453173
2016-07-23 18:00:00,307.912,306.15,306.664,15.343,17.153,1.90868750716297,2.57265874145795,191.85155338458,128.513725723575
2016-07-23 19:00:00,308.201,306.15,308.366,15.452,17.165,2.59553790186158,3.08647193410211,196.473005524649,218.514851371868
2016-07-23 20:00:00,308.094,307.15,308.801,15.662,18.301,2.95690868983132,4.6300991350078,202.992500628414,128.510998421644
2016-07-23 21:00:00,307.312,307.15,307.562,15.921,18.301,2.79956603779943,3.08670196164126,207.599356942045,198.511257059094
2016-07-23 22:00:00,306.778,305.15,303.633,16.312,19.507,2.48821100391426,2.05769701365386,216.699498353843,198.531806510685
2016-07-23 23:00:00,305.908,306.15,302.318,17.989,18.308,1.64769809127765,3.08630588244263,220.495687376912,158.522642610365
2016-07-24 00:00:00,304.187,304.15,301.854,21.048,18.308,1.15424997292614,NA,194.397422416754,NA
2016-07-24 01:00:00,302.276,303.15,300.88,20.447,19.5,1.87762083499305,2.0576826771881,177.619137409846,178.524061937065
2016-07-24 02:00:00,301.011,301.15,300.482,19.84,18.289,2.0679501928238,4.11541990567184,176.03479794542,208.520459388195
2016-07-24 03:00:00,300.115,300.15,300.259,19.428,18.282,2.06731226475344,2.57234231781075,185.440332031006,228.5144397488
2016-07-24 04:00:00,299.461,300.15,299.924,19.146,17.153,2.06107957148675,3.60081338033506,189.635986797162,208.515216536717
2016-07-24 05:00:00,298.888,299.15,299.427,19.086,17.147,2.05530922247724,1.54320834627085,191.506749263089,238.514113676373
2016-07-24 06:00:00,298.389,297.15,298.936,19.068,18.27,2.06383550701116,2.57234231781075,192.992535957361,228.5144397488
2016-07-24 07:00:00,297.956,297.15,298.507,18.994,18.27,2.00396856262767,3.08647193410211,195.721539377889,218.514851371868
2016-07-24 08:00:00,297.542,297.15,298.142,18.885,18.276,1.84950615030067,2.05804105887128,197.073119926782,228.525987681853
2016-07-24 09:00:00,297.161,297.15,297.838,18.69,17.147,1.68644626359692,NA,198.316769059027,NA
2016-07-24 10:00:00,296.814,297.15,297.57,18.452,17.141,1.55617383347748,1.54299060269335,198.702738567525,228.520646996059
2016-07-24 11:00:00,296.803,297.15,297.847,18.364,18.264,1.5080775842111,1.54320834627085,200.453771138934,238.514113676373
2016-07-24 12:00:00,298.238,299.15,299.588,18.847,19.46,1.67800119189469,2.57265874145795,213.330197940715,218.513725723575
2016-07-24 13:00:00,300.297,301.15,301.763,19.28,19.453,1.70569164856958,2.05804105887128,224.239901581921,228.525987681853
2016-07-24 14:00:00,302.337,302.15,303.978,19.543,19.453,1.7864335979823,2.57234231781075,227.972260413841,228.5144397488
2016-07-24 15:00:00,304.266,304.15,306.045,19.513,18.251,1.77673999223297,2.05747126346882,221.143454642796,208.508225257102
2016-07-24 16:00:00,306.174,306.15,307.556,18.234,18.251,1.9396321816262,NA,206.089468817954,NA
2016-07-24 17:00:00,307.346,306.15,308.481,17.183,18.251,2.13002018769776,2.57265874145795,193.05106979027,128.513725723575
2016-07-24 18:00:00,308.054,307.15,309.049,16.753,18.257,2.58700521839443,2.0582490131177,189.702631007852,258.50990988018
2016-07-24 19:00:00,308.4,307.15,307.801,16.572,18.264,2.94491188323182,3.60081338033506,191.577025941892,118.515216536717
2016-07-24 20:00:00,308.409,308.15,308.726,16.572,17.141,3.22259833054013,NA,194.777950797428,NA
2016-07-24 21:00:00,308.014,307.15,309.135,16.873,16.088,3.10671852603354,3.60127782877134,195.342464694162,148.512361045882
2016-07-24 22:00:00,307.37,307.15,308.584,17.301,17.153,2.67705098942848,4.11536535437621,192.753987482994,178.524061937065
2016-07-24 23:00:00,306.444,306.15,307.582,18.609,17.153,2.00706377576798,3.08641669254169,180.45675787353,148.514113676373
2016-07-25 00:00:00,304.799,305.15,305.79,20.294,17.147,1.65370493135868,2.57240840458898,157.156262087672,148.528200334384
2016-07-25 01:00:00,302.992,303.15,303.875,20.069,18.27,1.90290567291182,2.57240840458898,153.636930757707,148.528200334384
2016-07-25 02:00:00,301.633,302.15,302.36,20.323,18.257,1.95272143430649,1.54299060269335,160.089591094228,138.520646996059
2016-07-25 03:00:00,300.806,301.15,301.206,20.14,18.251,2.24252915254183,1.54315294122132,171.692847493854,158.522642610365
2016-07-25 04:00:00,300.368,301.15,300.453,19.429,18.251,2.83274584105246,2.5718470016702,178.685179410555,178.529486151229
2016-07-25 05:00:00,299.863,301.15,299.921,19.197,19.447,3.03248841712545,3.60081338033506,181.795221947706,208.515216536717
2016-07-25 06:00:00,299.391,300.15,299.411,19.271,19.453,2.98053552235165,4.11550349289124,185.660860551093,218.518482430036
2016-07-25 07:00:00,298.965,299.15,298.855,19.507,19.46,2.85859143635462,3.08647193410211,187.821133896668,218.514851371868
2016-07-25 08:00:00,298.608,299.15,298.282,19.703,19.46,2.68288743707223,2.57234231781075,187.323683304152,228.5144397488
2016-07-25 09:00:00,298.301,298.15,297.673,19.744,18.251,2.498630825072,2.57265874145795,186.203447901692,218.513725723575
2016-07-25 10:00:00,298.038,299.15,297.375,19.655,19.44,2.43631935509284,2.57237186269793,187.405046439369,188.51754935287
2016-07-25 11:00:00,298.064,299.15,297.535,19.582,19.44,2.52539996832185,3.08670196164126,189.04457508255,198.511257059094
2016-07-25 12:00:00,299.337,300.15,298.641,19.785,19.433,3.37593868427731,5.14415551864443,197.425908826521,208.518012789051
2016-07-25 13:00:00,301.024,301.15,301.028,19.926,19.433,3.52754603088323,3.60169029762416,202.501170472327,218.518196391194
2016-07-25 14:00:00,302.8,303.15,303.509,20.041,19.44,3.53536207480931,4.11507630548936,201.383089713181,198.518605092588
2016-07-25 15:00:00,304.572,304.15,305.892,19.98,20.707,3.70591985882048,3.08641669254169,199.236783128792,238.514113676373
2016-07-25 16:00:00,306.343,306.15,307.856,18.953,22.05,3.94597072974446,2.57237186269793,201.076082803987,188.51754935287
2016-07-25 17:00:00,307.472,307.15,308.926,18.518,19.453,4.17518634314685,4.11533291484419,206.546639937508,228.5167670755
2016-07-25 18:00:00,308.113,307.15,309.485,17.859,19.467,4.30882002409012,NA,211.775631873385,NA
2016-07-25 19:00:00,308.465,307.15,309.696,17.079,18.282,4.30442795270173,3.08647193410211,211.452281501652,218.514851371868
2016-07-25 20:00:00,307.958,309.15,309.568,16.397,18.295,4.17123111323264,3.60127782877134,206.896769577899,238.512361045882
2016-07-25 21:00:00,307.607,306.15,309.235,17.45,18.308,3.76001236700094,4.63002645780777,207.273800687636,208.524536801124
2016-07-25 22:00:00,307.244,304.15,308.554,17.525,18.308,4.33631594789863,2.57265874145795,202.508062497406,308.513725723575
2016-07-25 23:00:00,306.194,307.15,307.583,18.147,19.507,3.63822923961644,4.62955548622111,192.928515386288,178.514703258482
2016-07-26 00:00:00,304.879,305.15,305.57,18.366,18.295,3.259585556478,6.6872757532496,188.592475820237,198.518940305998
2016-07-26 01:00:00,303.619,304.15,302.955,17.982,18.289,3.57692885028484,5.65890139514729,190.763317539643,198.514993168044
2016-07-26 02:00:00,302.703,303.15,301.966,17.895,18.276,3.76129764841869,4.11507630548936,194.346586414259,198.518605092588
2016-07-26 03:00:00,301.866,302.15,301.468,18.022,17.147,3.8005223325222,4.63002645780777,193.403671694667,208.524536801124
2016-07-26 04:00:00,301.147,302.15,301.203,18.095,17.147,4.15626466914705,5.14439889588667,196.062797360313,198.519476589746
2016-07-26 05:00:00,300.575,301.15,300.969,17.515,18.276,4.34400391344207,6.17289113787049,202.024291957008,208.516381659878
2016-07-26 06:00:00,300.102,300.15,300.624,16.896,18.276,4.26184560959216,6.17356663526037,205.458721078385,218.522113121917
2016-07-26 07:00:00,299.716,300.15,300.25,16.471,18.282,4.10844216218264,4.6300991350078,209.066794978479,218.510998421644
2016-07-26 08:00:00,299.381,299.15,299.904,16.163,17.153,3.97259914917174,3.60169029762416,210.864817277086,218.518196391194
2016-07-26 09:00:00,299.063,299.15,299.548,15.952,17.147,3.78499907529711,4.11550349289124,213.753043736619,218.518482430036
2016-07-26 10:00:00,298.756,298.15,299.19,15.806,17.141,3.52062636472546,2.57240840458898,218.611517451935,238.528200334384
2016-07-26 11:00:00,298.616,297.15,299.134,15.803,17.141,3.3703201628332,3.08647193410211,219.703268969581,218.514851371868
2016-07-26 12:00:00,299.318,299.15,300.159,16.179,17.135,3.89343883989462,4.11550349289124,226.602697781353,218.518482430036
2016-07-26 13:00:00,300.466,301.15,301.709,16.643,18.264,4.08502753968685,4.6300991350078,232.919714880465,218.510998421644
2016-07-26 14:00:00,301.912,302.15,303.466,17.347,18.264,3.68656154159943,3.60127782877134,236.1030271579,238.512361045882
2016-07-26 15:00:00,303.473,304.15,305.165,17.998,18.27,3.4194049189881,3.08668430520518,239.392577355985,208.524536801124
2016-07-26 16:00:00,304.97,305.15,306.868,18.547,19.467,3.09452225715053,2.57265874145795,241.596415412024,218.513725723575
2016-07-26 17:00:00,306.247,306.15,308.139,18.887,19.473,2.75852369937255,3.60169029762416,242.28305658416,218.518196391194
2016-07-26 18:00:00,307.255,307.15,308.957,18.975,20.75,2.71524455620484,NA,240.234180133979,NA
2016-07-26 19:00:00,307.902,308.15,306.821,18.895,19.493,2.84133665727946,5.14453506159692,237.825754509649,218.520660889117
2016-07-26 20:00:00,308.317,308.15,305.619,18.614,19.507,2.9604276718069,NA,233.377832866137,NA
2016-07-26 21:00:00,308.227,309.15,306.288,18.502,18.32,3.00943848583087,4.1156167217077,230.555204235215,238.522918343981
2016-07-26 22:00:00,307.785,308.15,305.513,18.638,18.32,2.80008660580347,3.60127782877134,243.874198709086,238.512361045882
2016-07-26 23:00:00,305.732,305.15,304.723,20.139,19.52,3.54170820367799,NA,266.746586091243,NA
2016-07-27 00:00:00,299.908,305.15,303.717,21.166,19.52,4.32042821951713,3.08668446719129,229.148419097162,168.526251333559
2016-07-27 01:00:00,298.943,300.15,302.514,20.156,19.5,1.6231996180384,4.11507630548936,198.535408882768,198.518605092588
2016-07-27 02:00:00,298.862,299.15,301.715,20.197,18.282,1.8427894616586,5.14448617453677,187.263849493251,238.512886788184
2016-07-27 03:00:00,298.755,297.15,301.207,19.947,17.147,1.27603173941717,5.65896987092174,195.266933077661,248.521973378747
2016-07-27 04:00:00,298.749,298.15,300.802,20.181,19.487,1.41076185091602,NA,191.986967728385,NA
2016-07-27 05:00:00,298.588,299.15,300.494,20.088,19.487,1.41714395881294,1.54320834627085,193.840126556234,238.514113676373
2016-07-27 06:00:00,298.531,299.15,300.2,20.029,19.48,1.6120669961264,NA,194.88104928776,NA
2016-07-27 07:00:00,298.386,299.15,299.924,19.957,19.487,1.72247496353358,NA,208.201628218695,NA
2016-07-27 08:00:00,298.23,297.15,299.659,19.833,19.5,1.63126239458893,1.54320834627085,221.645206755747,148.514113676373
2016-07-27 09:00:00,298.091,299.15,299.427,19.712,19.5,1.56509744105599,NA,236.096711524987,NA
2016-07-27 10:00:00,297.962,297.15,299.256,19.614,18.295,1.49888625318935,NA,249.945045183038,NA
2016-07-27 11:00:00,298.05,297.15,299.494,19.709,19.487,1.42436652586334,NA,260.788973459183,NA
2016-07-27 12:00:00,299.126,299.15,300.81,20.531,19.48,1.71110987373693,NA,288.360827545366,NA
2016-07-27 13:00:00,300.497,300.15,302.316,21.288,20.743,1.557038856291,2.5726639889422,297.667706531779,248.521170532557
2016-07-27 14:00:00,302.068,301.15,303.819,21.158,20.743,1.80211126182597,NA,295.541259400529,NA
2016-07-27 15:00:00,303.36,303.15,305.926,21.402,22.096,1.96674477246032,NA,291.411905891287,NA
2016-07-27 16:00:00,304.795,304.15,307.686,21.023,19.473,1.87036039307937,NA,295.934850418639,NA
2016-07-27 17:00:00,306.788,307.15,308.786,19.542,19.48,1.98297377693201,NA,309.002757552328,NA
2016-07-27 18:00:00,308.004,308.15,309.466,18.494,18.295,1.95176048735494,NA,317.761855501883,NA
2016-07-27 19:00:00,308.528,304.15,308.728,18.117,22.119,1.67546829274684,NA,319.550781579735,NA
2016-07-27 20:00:00,308.356,304.15,306.781,18.068,23.563,1.09133038077385,NA,311.210619492046,NA
2016-07-27 21:00:00,307.753,305.15,306.835,18.287,22.134,0.583524635298288,2.05806948376385,100.36632260345,238.511046865761
2016-07-27 22:00:00,307.28,305.15,305.862,18.933,22.142,0.763131705539745,NA,147.413640468249,NA
2016-07-27 23:00:00,305.753,304.15,304.908,20.225,20.786,1.65581460314855,2.05806316715498,97.6701017088065,308.529373406919
2016-07-28 00:00:00,303.154,302.15,303.905,20.561,17.177,4.65395530704797,NA,312.230625669961,NA
2016-07-28 01:00:00,297.522,299.15,302.626,18.371,16.11,2.71967516442681,NA,351.819248797734,NA
2016-07-28 02:00:00,297.742,299.15,301.744,18.75,16.11,0.110453610171873,1.54287685833964,174.805571092265,288.517152180455
2016-07-28 03:00:00,297.885,298.15,301.191,19.033,16.099,0.960825166198305,2.05769701365386,285.019765387066,18.5318065106854
2016-07-28 04:00:00,297.664,298.15,300.79,19.192,17.171,0.963519070906228,NA,348.748377885976,NA
2016-07-28 05:00:00,297.527,298.15,300.431,18.992,17.171,0.856946322706387,NA,332.62759827039,NA
2016-07-28 06:00:00,297.529,297.15,300.059,19.052,17.182,0.632759828054847,NA,309.678041239203,NA
2016-07-28 07:00:00,297.548,297.15,299.7,19.149,17.182,0.615442117505781,NA,307.540210923801,NA
2016-07-28 08:00:00,297.529,297.15,299.347,19.031,17.188,0.625015999795205,NA,308.960458010836,NA
2016-07-28 09:00:00,297.44,296.15,299.017,18.795,17.194,0.709744320160436,NA,326.086034514401,NA
2016-07-28 10:00:00,297.283,296.15,298.721,18.483,17.188,0.81292681097378,NA,340.227649467429,NA
2016-07-28 11:00:00,297.24,296.15,298.823,18.322,17.182,0.675563468520908,NA,349.854455566104,NA
2016-07-28 12:00:00,298.307,299.15,300.271,17.909,18.308,0.556924590945668,NA,338.733513892822,NA
2016-07-28 13:00:00,299.512,301.15,302.048,18.473,18.308,0.560757523355684,1.54287685833964,255.542471627905,198.517152180455
2016-07-28 14:00:00,301.01,303.15,303.79,19.55,18.308,1.13004424692133,2.05747126346882,233.637131415071,208.508225257102
2016-07-28 15:00:00,302.576,305.15,305.702,20.475,19.514,1.50804277127673,2.57265874145795,229.868501261247,218.513725723575
2016-07-28 16:00:00,304.655,306.15,307.323,20.137,19.52,1.95889177853193,NA,227.793206211044,NA
2016-07-28 17:00:00,306.745,307.15,308.207,19.272,18.333,2.80612045358,5.14468463562151,224.133698387001,228.5144397488
2016-07-28 18:00:00,307.788,308.15,307.08,19.012,18.339,3.67046659159295,4.6300991350078,220.525103493754,218.510998421644
2016-07-28 19:00:00,308.408,309.15,307.067,18.593,19.554,3.88306644290308,6.68767523134908,224.23832716889,228.515871894327
2016-07-28 20:00:00,308.691,309.15,307.33,18.029,18.371,4.19487711381394,5.65913067528927,228.401623273885,218.514339648586
2016-07-28 21:00:00,308.642,309.15,305.615,17.42,17.248,4.17847173019036,5.14468463562151,226.900753944719,228.5144397488
2016-07-28 22:00:00,308.301,308.15,305.004,16.973,17.248,3.97802212160767,4.63047783711357,222.901520357235,238.520576276753
2016-07-28 23:00:00,307.585,307.15,305.092,17.352,16.177,2.98142197617177,5.65890139514729,213.050453801026,198.514993168044
2016-07-29 00:00:00,306.155,306.15,304.233,16.676,16.177,3.19284841481709,5.65890139514729,194.510650733661,198.514993168044
2016-07-29 01:00:00,304.821,304.15,303.28,15.089,17.242,3.81613023886764,5.14439889588667,196.392929513855,198.519476589746
2016-07-29 02:00:00,303.836,304.15,303.057,15.212,17.23,3.81362006497763,6.68749766355099,199.404199448359,208.519518401961
2016-07-29 03:00:00,303.032,302.15,302.767,15.541,17.23,3.79182304439435,6.17289113787049,203.813669102721,208.516381659878
2016-07-29 04:00:00,302.429,301.15,302.428,15.536,16.155,3.77541732792548,4.11533291484419,214.161488514593,228.5167670755
2016-07-29 05:00:00,301.847,299.15,302.129,15.149,17.218,3.65866013726337,3.08664364642244,219.699300826929,228.506740084374
2016-07-29 06:00:00,301.409,299.15,301.814,14.821,16.149,3.86711261796188,3.08647193410211,222.568696674924,218.514851371868
2016-07-29 07:00:00,300.94,298.15,301.487,14.889,16.155,3.68051042655771,2.05806948376385,224.812867475829,238.511046865761
2016-07-29 08:00:00,300.46,299.15,301.074,15.114,16.155,3.4287060241438,1.54320834627085,227.304778138174,238.514113676373
2016-07-29 09:00:00,299.983,297.15,300.612,15.341,16.155,3.24727485747665,3.08647193410211,228.84561166041,218.514851371868
2016-07-29 10:00:00,299.523,297.15,300.138,15.53,16.16,3.05988120684447,3.60169029762416,230.822578583408,218.518196391194
2016-07-29 11:00:00,299.209,297.15,299.879,15.847,16.155,2.97747409728448,3.60103165773366,233.90754674122,228.523699274317
2016-07-29 12:00:00,299.881,299.15,300.465,16.54,17.212,3.50607729521184,3.08641669254169,247.406533421486,238.514113676373
2016-07-29 13:00:00,301.071,300.15,301.533,16.81,16.132,3.7132220509956,3.60081338033506,275.982353378766,298.515216536718
2016-07-29 14:00:00,302.173,302.15,302.666,16.258,16.127,3.75391861925642,4.11533291484419,299.63129324913,318.5167670755
2016-07-29 15:00:00,303.267,302.15,303.718,15.987,16.121,3.49195718759552,3.60152203936058,300.589500341524,288.520472356887
2016-07-29 16:00:00,304.415,304.15,304.294,15.693,16.127,3.43954255679443,3.60103165773366,296.356460000554,318.523699274317
2016-07-29 17:00:00,305.317,304.15,305.526,15.481,16.127,3.55232332424851,3.60152203936058,292.789841101472,288.520472356887
2016-07-29 18:00:00,305.627,304.15,306.292,15.303,16.127,3.68220002172614,NA,291.157046960709,NA
2016-07-29 19:00:00,305.896,304.15,306.737,15.191,15.115,3.85363335048886,2.05772933108317,295.334860771734,278.523881580243
2016-07-29 20:00:00,305.492,306.15,306.862,15.084,16.127,3.92895533189167,NA,297.119403970622,NA
2016-07-29 21:00:00,305.62,305.15,306.627,14.925,16.132,3.04118924107001,1.54351838343442,293.732939804072,358.51502398253
2016-07-29 22:00:00,305.445,306.15,306.102,15.033,15.121,2.42292137718086,NA,300.01472734696,NA
2016-07-29 23:00:00,304.851,305.15,305.309,15.451,15.115,1.7472956246726,1.54351838343442,316.669687564452,358.51502398253
2016-07-30 00:00:00,303.702,303.15,303.747,17.756,16.121,0.707424200886568,NA,349.246011343133,NA
2016-07-30 01:00:00,302.06,300.15,302.181,18.128,17.188,1.32579221599767,NA,33.1506880464223,NA
2016-07-30 02:00:00,300.879,300.15,301.143,18.077,17.177,1.5168734291298,NA,52.0421951005541,NA
2016-07-30 03:00:00,300.11,299.15,300.441,17.595,17.165,1.592339473856,NA,70.8254248021807,NA
2016-07-30 04:00:00,299.604,298.15,299.903,16.864,17.165,1.72445585620508,NA,86.941808961665,NA
2016-07-30 05:00:00,299.186,298.15,299.457,16.628,17.171,1.68478040112057,NA,95.1420871386572,NA
2016-07-30 06:00:00,299.091,299.15,299.121,16.58,17.171,1.69032689146212,2.05747126346882,101.396351382112,118.508225257102
2016-07-30 07:00:00,299.06,299.15,298.898,16.672,17.182,1.60452391692988,2.05747126346882,119.536711090708,118.508225257102
2016-07-30 08:00:00,299.017,297.15,298.7,16.895,17.188,1.83111823758052,NA,118.118501718849,NA
2016-07-30 09:00:00,298.795,297.15,298.553,17.309,17.188,2.18709670568084,NA,113.611377172181,NA
2016-07-30 10:00:00,298.302,298.15,298.449,17.84,17.182,2.17614176927883,NA,116.52972702649,NA
2016-07-30 11:00:00,297.908,299.15,298.653,18.025,17.171,2.3956493900402,2.57207775932222,121.620036872939,118.518012789051
2016-07-30 12:00:00,297.913,299.15,300.054,18.025,17.165,2.20271491573467,2.57234231781075,131.411045156742,138.5144397488
2016-07-30 13:00:00,298.261,300.15,301.987,18.202,18.282,1.98733011852586,2.5718470016702,139.714545062201,178.529486151229
2016-07-30 14:00:00,298.747,301.15,303.94,18.505,18.282,1.88489256988296,2.57207775932222,156.15479375439,208.518012789051
2016-07-30 15:00:00,299.865,304.15,305.32,18.986,18.282,1.67597732681561,3.60169029762416,187.404878055097,218.518196391194
2016-07-30 16:00:00,303.667,305.15,303.114,18.735,18.282,1.93035773886604,2.5724667150422,215.064968144772,168.519713876785
2016-07-30 17:00:00,306.264,306.15,303.516,16.796,18.295,3.20495382182021,6.17337395594986,222.179889723704,228.519840983953
2016-07-30 18:00:00,307.322,307.15,305.064,15.917,18.301,3.90541227017072,6.68767523134908,225.32159161919,228.515871894327
2016-07-30 19:00:00,307.82,307.15,304.785,15.524,18.32,3.84996233747812,5.14439743799019,230.882318706849,248.51709245055
2016-07-30 20:00:00,307.959,308.15,304.521,15.441,18.326,3.85315520061157,4.1156167217077,240.421112771267,238.522918343981
2016-07-30 21:00:00,307.721,305.15,305.334,15.506,18.32,3.4780224266097,1.54315294122132,240.663783524048,248.522642610365
2016-07-30 22:00:00,307.147,302.15,304.944,15.795,22.142,3.14837418360652,NA,239.117390067301,NA
2016-07-30 23:00:00,306.217,304.15,304.416,16.744,19.527,2.39227778487365,NA,234.6822718823,NA
2016-07-31 00:00:00,304.733,302.15,302.974,18.619,19.507,1.27270185039545,NA,221.240980595115,NA
2016-07-31 01:00:00,303.105,299.15,301.573,18.284,19.5,1.60222345507735,2.05809159174221,201.376413816833,248.508769453173
2016-07-31 02:00:00,301.759,300.15,300.654,19.033,18.282,1.50590371538156,1.54299060269335,171.407150660486,48.5206469960585
2016-07-31 03:00:00,300.955,299.15,299.893,18.505,18.27,1.61673034238861,NA,175.174553763193,NA
2016-07-31 04:00:00,300.476,299.15,299.357,17.745,18.27,1.77151488845,2.57234231781075,197.340518761761,138.5144397488
2016-07-31 05:00:00,300.027,298.15,299.023,17.42,18.27,1.90197923227358,2.05809159174221,210.069954945806,248.508769453173
2016-07-31 06:00:00,299.593,298.15,298.865,17.205,17.153,2.0129088404595,2.05804105887128,206.526862482769,228.525987681853
2016-07-31 07:00:00,299.148,298.15,298.624,17.128,17.165,1.95463039984545,3.60081338033506,201.866728606273,208.515216536717
2016-07-31 08:00:00,298.702,297.15,298.372,17.144,17.171,1.95540405031799,3.08647193410211,197.684392026558,218.514851371868
2016-07-31 09:00:00,298.337,297.15,298.164,17.182,17.165,1.97484429765994,2.05804105887128,196.1406718504,228.525987681853
2016-07-31 10:00:00,298.032,297.15,297.999,17.202,17.153,2.10376923639452,3.60169029762416,202.615674975507,218.518196391194
2016-07-31 11:00:00,297.915,297.15,298.182,17.328,17.141,2.25044640016153,4.62989643512682,207.009107349728,198.52495646207
2016-07-31 12:00:00,298.888,297.15,299.545,17.742,18.251,2.65951217331299,4.11533291484419,213.761769371348,228.5167670755
2016-07-31 13:00:00,300.511,300.15,300.902,18.02,18.251,2.84193771923313,3.08647193410211,222.746995328439,218.514851371868
2016-07-31 14:00:00,302.305,302.15,302.383,18.165,19.44,2.74534751898553,2.57234231781075,227.435707135798,228.5144397488
2016-07-31 15:00:00,304.059,304.15,304.657,17.946,17.112,2.75350413110277,NA,231.236200881457,NA
2016-07-31 16:00:00,305.478,305.15,306.372,17.686,18.245,2.74060449536229,2.57265874145795,230.93859239164,218.513725723575
2016-07-31 17:00:00,306.181,307.15,305.245,17.534,18.257,2.95150266813364,3.60152203936058,231.87984394035,198.520472356887
2016-07-31 18:00:00,306.841,307.15,303.847,17.403,18.27,2.71090483049479,NA,229.682969683636,NA
2016-07-31 19:00:00,306.627,306.15,304.998,17.375,18.276,2.9380190605236,3.60127782877134,235.455319388858,238.512361045882
2016-07-31 20:00:00,307.148,307.15,305.397,17.155,17.159,1.90664627028718,NA,241.149710091744,NA
2016-07-31 21:00:00,306.579,306.15,304.057,17.49,17.171,2.44131624334087,1.54315294122132,186.208012817456,248.522642610365
2016-07-31 22:00:00,304.549,303.15,302.714,18.49,17.159,3.93592441492466,4.63010118679927,173.420280142837,188.520363548381
2016-07-31 23:00:00,303.134,304.15,302.762,19.488,16.094,2.85631948493161,4.1156167217077,174.676629018734,148.522918343981
